label,data
id,"<button id=""close-dialog-btn"" class=""modal-close-icon"" aria-label=""Close""></button>"
class,"<button class=""footer__wrapper--language-toggle"">Change Language</button>"
class,"<button type=""button"" class=""close-btn"" data-dismiss=""dialog"" aria-label=""Dismiss""> <span aria-hidden=""true"">×</span> </button>"
class,"<button type=""button"" class=""menu-toggle collapsed"" data-toggle=""collapse"" data-target=""#menu-nav"" aria-expanded=""false""> <span class=""sr-only"">Toggle Menu</span> <span class=""icon-bar""></span> <span class=""icon-bar""></span> <span class=""icon-bar""></span> </button>"
class,"<button type=""button"" class=""icon-close"" data-dismiss=""popup"" aria-label=""Dismiss""></button>"
id,"<button id=""exit-modal-btn"" class=""modal-exit-icon"" aria-label=""Exit""></button>"
class,"<button class=""footer__wrapper--currency-toggle"">Change Currency</button>"
class,"<button type=""button"" class=""close-window"" data-dismiss=""popup"" aria-label=""Close""> <span aria-hidden=""true"">×</span> </button>"
class,"<button type=""button"" class=""header-toggle collapsed"" data-toggle=""collapse"" data-target=""#header-nav"" aria-expanded=""false"">
       <span class=""sr-only"">Toggle Header</span>
       <span class=""icon-dash""></span>
       <span class=""icon-dash""></span>
       <span class=""icon-dash""></span>
   </button>"
class,"<button type=""button"" class=""icon-exit"" data-dismiss=""dialog"" aria-label=""Exit""></button>"
id,"<button id=""modal-close-btn"" class=""modal-close-icon"" aria-label=""Close Window""></button>"
class,"<button class=""footer__wrapper--region-toggle"">Switch Region</button>"
class,"<button type=""button"" class=""close-modal"" data-dismiss=""popup"" aria-label=""Close Dialog"">
       <span aria-hidden=""true"">×</span>
   </button>"
class,"<button type=""button"" class=""toggle-btn collapsed"" data-toggle=""collapse"" data-target=""#sidebar-nav"" aria-expanded=""false""> <span class=""sr-only"">Toggle Sidebar</span> <span class=""icon-minus""></span> <span class=""icon-minus""></span> <span class=""icon-minus""></span> </button>"
class,"<button type=""button"" class=""icon-close-btn"" data-dismiss=""modal"" aria-label=""Dismiss Popup""></button> "
id,"<button id=""close-popup-btn"" class=""popup-close-icon"" aria-label=""Close Popup""></button> "
class,"<button class=""footer__wrapper--theme-toggle"">Change Theme</button>"
class,"<button type=""button"" class=""close-button"" data-dismiss=""dialog"" aria-label=""Close"">
       <span aria-hidden=""true"">×</span>
   </button>"
class,"<button type=""button"" class=""navbar-toggle collapsed"" data-toggle=""collapse"" data-target=""#main-nav"" aria-expanded=""false"">
       <span class=""sr-only"">Toggle Navigation</span>
       <span class=""glyphicon-plus""></span>
       <span class=""glyphicon-plus""></span>
       <span class=""glyphicon-plus""></span>
   </button>"
class,"<button type=""button"" class=""icon-dismiss"" data-dismiss=""modal"" aria-label=""Close Dialog""></button>"
id,"<button id=""dialog-close-btn"" class=""dialog-close-icon"" aria-label=""Close""></button> "
class,"<button class=""footer__wrapper--locale-toggle"">Switch Locale</button> "
class,"<button type=""button"" class=""close-modal-btn"" data-dismiss=""popup"" aria-label=""Dismiss""> <span aria-hidden=""true"">×</span> </button>"
class,"<button type=""button"" class=""collapse-toggle collapsed"" data-toggle=""collapse"" data-target=""#footer-nav"" aria-expanded=""false"">
       <span class=""sr-only"">Toggle Footer</span>
       <span class=""icon-caret""></span>
       <span class=""icon-caret""></span>
       <span class=""icon-caret""></span>
   </button>"
class,"<button type=""button"" class=""icon-close-modal"" data-dismiss=""dialog"" aria-label=""Close""></button>"
id,"<button id=""popup-close-btn"" class=""popup-close-icon"" aria-label=""Close""></button>"
class,"<button class=""footer__wrapper--timezone-toggle"">Change Timezone</button>"
class,"<button type=""button"" class=""close-dialog-btn"" data-dismiss=""modal"" aria-label=""Close Window"">
       <span aria-hidden=""true"">×</span>
   </button>"
class,"<button type=""button"" class=""collapse-menu collapsed"" data-toggle=""collapse"" data-target=""#sidebar-menu"" aria-expanded=""false"">
       <span class=""sr-only"">Toggle Sidebar Menu</span>
       <span class=""glyphicon-minus-sign""></span>
       <span class=""glyphicon-minus-sign""></span>
       <span class=""glyphicon-minus-sign""></span>
   </button>"
class,"<button type=""button"" class=""icon-close-dialog"" data-dismiss=""modal"" aria-label=""Dismiss""></button>"
id,"<button id=""exit-dialog-btn"" class=""dialog-exit-icon"" aria-label=""Exit""></button>"
class,"<button class=""footer__wrapper--country-select"">Select Country</button>"
class,"<button type=""button"" class=""close-window-btn"" data-dismiss=""popup"" aria-label=""Close Window""> <span aria-hidden=""true"">×</span> </button>"
class,"<button type=""button"" class=""navbar-menu-toggle collapsed"" data-toggle=""collapse"" data-target=""#menu-collapse"" aria-expanded=""false""> <span class=""sr-only"">Toggle Navigation</span> <span class=""glyphicon-minus-circle""></span> <span class=""glyphicon-minus-circle""></span> <span class=""glyphicon-minus-circle""></span> </button>"
class,"<button type=""button"" class=""icon-cancel-btn"" data-dismiss=""dialog"" aria-label=""Cancel""></button>"
id,"<button id=""close-window-btn"" class=""window-close-icon"" aria-label=""Close""></button>"
class,"<button class=""footer__wrapper--city-toggle"">Change City</button> "
class,"<button type=""button"" class=""close-panel-btn"" data-dismiss=""popup"" aria-label=""Close Panel""> <span aria-hidden=""true"">×</span> </button>"
class,"<button type=""button"" class=""toggle-nav collapsed"" data-toggle=""collapse"" data-target=""#header-menu"" aria-expanded=""false"">
       <span class=""sr-only"">Toggle Header Menu</span>
       <span class=""glyphicon-plus-sign""></span>
       <span class=""glyphicon-plus-sign""></span>
       <span class=""glyphicon-plus-sign""></span>
   </button>"
class,"<button type=""button"" class=""icon-cancel-window"" data-dismiss=""modal"" aria-label=""Cancel""></button>"
id,"<button id=""close-panel-btn"" class=""panel-close-icon"" aria-label=""Close Panel""></button>"
class," <button class=""footer__wrapper--language-select"">Select Language</button>"
class,"<button type=""button"" class=""close-panel-window"" data-dismiss=""dialog"" aria-label=""Close Window"">
       <span aria-hidden=""true"">×</span>
   </button>"
class,"<button type=""button"" class=""menu-collapse-toggle collapsed"" data-toggle=""collapse"" data-target=""#navbar-collapse"" aria-expanded=""false"">
       <span class=""sr-only"">Toggle Menu</span>
       <span class=""glyphicon-minus-circle""></span>
       <span class=""glyphicon-minus-circle""></span>
       <span class=""glyphicon-minus-circle""></span>
   </button>"
class,"<button type=""button"" class=""icon-exit-window"" data-dismiss=""dialog"" aria-label=""Exit""></button>"
id,"<button id=""dialog-exit-btn"" class=""dialog-exit-icon"" aria-label=""Exit Dialog""></button>"
class,"<button class=""footer__wrapper--currency-select"">Select Currency</button>"
class,"<button type=""button"" class=""close-dialog-window"" data-dismiss=""modal"" aria-label=""Close""> <span aria-hidden=""true"">×</span> </button>"
class,"<button type=""button"" class=""navbar-toggle collapsed"" data-toggle=""collapse"" data-target=""#main-nav"" aria-expanded=""false"">
       <span class=""sr-only"">Toggle Navigation</span>
       <span class=""glyphicon-minus""></span>
       <span class=""glyphicon-minus""></span>
       <span class=""glyphicon-minus""></span>
   </button>"
id,"<button id=""close-pc-btn-handler"" class=""ot-close-icon"" aria-label=""Kapat""></button>"
class,<button class='footer__wrapper--countrywrapper'>Ülke Değiştir</button>
class,"<button type=""button"" class=""close"" data-dismiss=""modal"" aria-label=""Close"">
            <span aria-hidden=""true"">×</span>
          </button>"
class,"<button type=""button"" class=""navbar-toggle collapsed"" data-toggle=""collapse"" data-target=""#main-nav"" aria-expanded=""false"">
                <span class=""sr-only"">Toggle Navigation</span>
                <span class=""glyphicon-minus""></span>
                <span class=""glyphicon-minus""></span>
                <span class=""glyphicon-minus""></span>
            </button>"
class,"<button type=""button"" class=""icon-cancel-1"" data-dismiss=""modal"" aria-label=""Close""></button>"
id,"<button id=""button"" class=""style-scope yt-icon-button"">
    <yt-icon id=""close-icon"" icon=""yt-icons:close"" class=""style-scope ytd-miniplayer""><!--css-build:shady--><!--css-build:shady--><span class=""yt-icon-shape yt-spec-icon-shape""><div style=""width: 100%; height: 100%; display: block; fill: currentcolor;""><svg xmlns=""http://www.w3.org/2000/svg"" enable-background=""new 0 0 24 24"" height=""24"" viewBox=""0 0 24 24"" width=""24"" focusable=""false"" aria-hidden=""true"" style=""pointer-events: none; display: inherit; width: 100%; height: 100%;""><path d=""m12.71 12 8.15 8.15-.71.71L12 12.71l-8.15 8.15-.71-.71L11.29 12 3.15 3.85l.71-.71L12 11.29l8.15-8.15.71.71L12.71 12z""></path></svg></div></span></yt-icon>
  </button>"
id,"<button id=""button"" class=""style-scope yt-icon-button"" aria-label=""Genişlet"">
            <yt-icon class=""style-scope ytd-miniplayer""><!--css-build:shady--><!--css-build:shady--><span class=""yt-icon-shape yt-spec-icon-shape""><div style=""width: 100%; height: 100%; display: block; fill: currentcolor;""><svg xmlns=""http://www.w3.org/2000/svg"" viewBox=""0 0 24 24"" focusable=""false"" aria-hidden=""true"" style=""pointer-events: none; display: inherit; width: 100%; height: 100%;""><path d=""M7.41 15.41L12 10.83l4.59 4.58L18 14l-6-6-6 6z""></path></svg></div></span></yt-icon>
          </button>"
id,"<button id=""register-btn"">Register</button>"
class,"<a href='/about' class=""about-link"">About Us</a>"
class,"<div class=""container""><button name='submit-form'>Submit Form</button></div>"
id,"<button id=""search-btn'""class='btn search'>Search</button>"
class,"<a href='/contact' class=""contact-link"">Contact</a>"
id,"<button id=""proceed-btn"" class='btn proceed'>Proceed</button>"
name,"<form><button name=""submit-query"">Submit Query</button></form>"
id,"<a href='/dashboard' id=""dashboard-link"" class='dashboard'>Dashboard</a>"
id,"<button class=""download-btn"" id=""download-btn"">Download</button>"
name,"<div class='sidebar'><button name=""cancel-action"">Cancel Action</button></div>"
id,"<button class=""refresh-btn"" id=""refresh"">Refresh</button>"
class,"<a href='/settings' class=""settings-link"">Settings</a>"
id,"<button id=""upload-btn"" class='btn upload'>Upload</button>"
name,"<button class=""submit-btn'""name=""submit-data"">Submit Data</button>"
id,"<a href='/feedback' id=""feedback-link"" class='feedback'>Feedback</a>"
id,"<div class=""topbar""><button id=""info-btn"">Info</button></div>"
id,"<button class=""close-btn"" id=""close"">Close</button>"
class,"<a href='/services' class=""services-link"">Services</a>"
id,"<button id=""confirm-btn"" class=""btn confirm"">Confirm</button>"
id,"<button class=""pz5bj"" id=""spchx"" aria-label=""kapat""><span style=""height:16px;line-height:16px;width:16px"" class=""z1asCe wuXmqc""><svg focusable=""false"" xmlns=""http://www.w3.org/2000/svg"" viewBox=""0 0 24 24""><path d=""M19 6.41L17.59 5 12 10.59 6.41 5 5 6.41 10.59 12 5 17.59 6.41 19 12 13.41 17.59 19 19 17.59 13.41 12z""></path></svg></span></button>"
id,"<button id=""menu-toggle-btn"" class=""menu-toggle collapsed"" aria-label=""Toggle Navigation""><span class=""icon-bar""></span><span class=""icon-bar""></span><span class=""icon-bar""></span></button>"
class,"<button class=""close-modal-btn"" aria-label=""Close Modal""><span class=""icon-close""></span></button>"
class,"<button type=""button"" class=""btn btn-primary"" data-toggle=""dropdown"" aria-expanded=""false"">Menu</button>"
id,"<button id=""search-btn"" class=""search-button"" aria-label=""Search""><svg class=""search-icon""><use href=""#search-icon""></use></svg></button>"
class,"<button class=""submit-btn"" type=""submit"" aria-label=""Submit Form"">Submit</button>"
class,"<button class=""cart-toggle"" aria-label=""Toggle Cart""><span class=""cart-icon""></span></button>"
id,"<button id=""filter-btn"" class=""filter-button"" aria-label=""Filter Results""><span class=""filter-icon""></span></button>"
class,"<button type=""button"" class=""btn btn-secondary"" data-dismiss=""alert"" aria-label=""Close Alert""><span aria-hidden=""true"">&times;</span></button>"
id,"<button class=""back-to-top"" id=""scroll-top"" aria-label=""Scroll to Top""><span class=""arrow-up""></span></button>"
id,"<button id=""more-info"" class=""info-button"" aria-label=""More Information""><svg class=""info-icon""><use href=""#info-icon""></use></svg></button>"
class,"<button type=""button"" class=""sidebar-toggle"" aria-expanded=""false""><span class=""sr-only"">Toggle Sidebar</span><span class=""icon-bar""></span><span class=""icon-bar""></span><span class=""icon-bar""></span></button>"
id,"<button id=""login-btn"" class=""login-button"" aria-label=""Login""><span class=""login-icon""></span></button>"
class,"<button type=""button"" class=""btn btn-light"" data-toggle=""collapse"" data-target=""#details"" aria-expanded=""false"" aria-controls=""details"">View Details</button>"
class,"<button class=""navbar-toggler"" type=""button"" data-toggle=""collapse"" data-target=""#navbarNav"" aria-controls=""navbarNav"" aria-expanded=""false"" aria-label=""Toggle navigation""><span class=""navbar-toggler-icon""></span></button>"
id,"<button type=""button"" class=""btn btn-danger"" id=""delete-btn"" aria-label=""Delete Item"">Delete</button>"
id,"<button id=""contact-support"" class=""support-button"" aria-label=""Contact Support""><span class=""support-icon""></span></button>"
class,"<button class=""settings-toggle"" aria-label=""Open Settings""><span class=""settings-icon""></span></button>"
class,"<button type=""button"" class=""btn btn-info"" data-toggle=""tooltip"" data-placement=""top"" title=""Help"">Help</button>"
class,"<button class=""mobile-menu-toggle"" aria-label=""Open Mobile Menu""><span class=""mobile-menu-icon""></span></button>"
id,"<button id=""play-video"" class=""video-play-btn"" aria-label=""Play Video""><svg class=""play-icon""><use href=""#play-icon""></use></svg></button>"
id,"<button type=""button"" class=""btn btn-success"" id=""save-btn"" aria-label=""Save Changes"">Save</button>"
class,"<button class=""lang-select"" aria-label=""Select Language""><span class=""lang-icon""></span></button>"
class,"<button type=""button"" class=""btn btn-warning"" data-toggle=""modal"" data-target=""#exampleModal"" aria-label=""Open Modal"">Open</button>"
id,"<button id=""fullscreen-btn"" class=""fullscreen-toggle"" aria-label=""Toggle Fullscreen""><span class=""fullscreen-icon""></span></button>"
class,"<button class=""footer-toggle"" aria-label=""Toggle Footer""><span class=""footer-icon""></span></button>"
id,"<button id=""download-btn"" class=""download-button"" aria-label=""Download File""><svg class=""download-icon""><use href=""#download-icon""></use></svg></button>"
id,"<button type=""button"" class=""btn btn-outline-primary"" id=""upload-btn"" aria-label=""Upload File"">Upload</button>"
class,"<button class=""expand-collapse"" aria-label=""Expand or Collapse""><span class=""expand-icon""></span></button>"
id,"<button id=""close-panel"" class=""close-panel-btn"" aria-label=""Close Panel""><span class=""close-icon""></span></button>"
class,"<button type=""button"" class=""icon-close"" data-dismiss=""modal"" aria-label=""Close""></button>"
class,"<button class=""search-icon-btn"" aria-label=""Search""><svg class=""icon""><use href=""#search""></use></svg></button>"
id,"<button id=""accept-btn"" class=""btn btn-accept"" aria-label=""Accept"">Accept</button>"
class,"<button class=""newsletter-signup"" aria-label=""Sign up for Newsletter""><span class=""newsletter-icon""></span></button>"
id,"<button type=""button"" class=""btn btn-dark"" id=""theme-toggle"" aria-label=""Toggle Theme"">Dark Mode</button>"
class,"<button class=""refresh-btn"" aria-label=""Refresh Page""><span class=""refresh-icon""></span></button>"
id,"<button id=""cart-checkout"" class=""checkout-btn"" aria-label=""Proceed to Checkout""><span class=""checkout-icon""></span></button>"
class,"<button type=""button"" class=""btn btn-secondary"" data-toggle=""dropdown"" aria-expanded=""false"">Dropdown</button>"
id,"<button class=""panel-close"" id=""close-panel"" aria-label=""Close Panel""><span style=""height:16px;width:16px"" class=""icon-cancel""><svg xmlns=""http://www.w3.org/2000/svg"" viewBox=""0 0 24 24""><path d=""M19 6.41L17.59 5 12 10.59 6.41 5 5 6.41 10.59 12 5 17.59 6.41 19 12 13.41 17.59 19 19 17.59 13.41 12z""></path></svg></span></button>"
id,"<button id=""modal-exit-btn"" class=""modal-exit"" aria-label=""Exit Modal""><span style=""height:18px;width:18px"" class=""icon-close""><svg xmlns=""http://www.w3.org/2000/svg"" viewBox=""0 0 24 24""><path d=""M19 6.41L17.59 5 12 10.59 6.41 5 5 6.41 10.59 12 5 17.59 6.41 19 12 13.41 17.59 19 19 17.59 13.41 12z""></path></svg></span></button>"
id,"<button class=""alert-close"" id=""close-alert"" aria-label=""Close Alert""><span style=""height:22px;width:22px"" class=""icon-cancel""><svg xmlns=""http://www.w3.org/2000/svg"" viewBox=""0 0 24 24""><path d=""M12 2L2 12l10 10 10-10L12 2z""></path></svg></span></button>"
id,"<button class=""exit-modal"" id=""modal-exit"" aria-label=""Exit Modal""><span style=""height:14px;width:14px"" class=""icon-exit""><svg xmlns=""http://www.w3.org/2000/svg"" viewBox=""0 0 24 24""><path d=""M19 6.41L17.59 5 12 10.59 6.41 5 5 6.41 10.59 12 5 17.59 6.41 19 12 13.41 17.59 19 19 17.59 13.41 12z""></path></svg></span></button>"
id,"<button class=""toolbar-close"" id=""close-toolbar"" aria-label=""Close Toolbar""><span style=""height:20px;width:20px"" class=""icon-close""><svg xmlns=""http://www.w3.org/2000/svg"" viewBox=""0 0 24 24""><path d=""M12 2L2 12l10 10 10-10L12 2z""></path></svg></span></button>"
id,"<button id=""close-panel-btn"" class=""panel-close"" aria-label=""Close Panel""><span style=""height:24px;width:24px"" class=""icon-cancel""><svg xmlns=""http://www.w3.org/2000/svg"" viewBox=""0 0 24 24""><path d=""M12 2L2 12l10 10 10-10L12 2z""></path></svg></span></button>"
id,"<button id=""close-modal"" class=""modal-close-btn"" aria-label=""Close Modal""><span style=""height:16px;width:16px"" class=""icon-exit""><svg xmlns=""http://www.w3.org/2000/svg"" viewBox=""0 0 24 24""><path d=""M19 6.41L17.59 5 12 10.59 6.41 5 5 6.41 10.59 12 5 17.59 6.41 19 12 13.41 17.59 19 19 17.59 13.41 12z""></path></svg></span></button>"
id,"<button class=""sidebar-close"" id=""close-sidebar"" aria-label=""Close Sidebar""><span style=""height:26px;width:26px"" class=""icon-cancel""><svg xmlns=""http://www.w3.org/2000/svg"" viewBox=""0 0 24 24""><path d=""M12 2L2 12l10 10 10-10L12 2z""></path></svg></span></button>"
id,"<button id=""modal-close"" class=""modal-close-btn"" aria-label=""Close Modal""><span style=""height:30px;width:30px"" class=""icon-close""><svg xmlns=""http://www.w3.org/2000/svg"" viewBox=""0 0 24 24""><path d=""M12 2L2 12l10 10 10-10L12 2z""></path></svg></span></button>"
id,"<button class=""popup-close"" id=""close-popup"" aria-label=""Close Popup""><span style=""height:28px;width:28px"" class=""icon-exit""><svg xmlns=""http://www.w3.org/2000/svg"" viewBox=""0 0 24 24""><path d=""M19 6.41L17.59 5 12 10.59 6.41 5 5 6.41 10.59 12 5 17.59 6.41 19 12 13.41 17.59 19 19 17.59 13.41 12z""></path></svg></span></button>"
id,"<button id=""alert-close"" class=""alert-close-btn"" aria-label=""Close Alert""><span style=""height:32px;width:32px"" class=""icon-cancel""><svg xmlns=""http://www.w3.org/2000/svg"" viewBox=""0 0 24 24""><path d=""M12 2L2 12l10 10 10-10L12 2z""></path></svg></span></button>"
id,"<button class=""modal-close"" id=""modal-exit"" aria-label=""Close Modal""><span style=""height:34px;width:34px"" class=""icon-close""><svg xmlns=""http://www.w3.org/2000/svg"" viewBox=""0 0 24 24""><path d=""M12 2L2 12l10 10 10-10L12 2z""></path></svg></span></button>"
id,"<button id=""modal-exit-close"" class=""close-modal-btn"" aria-label=""Close Modal""><span style=""height:36px;width:36px"" class=""icon-exit""><svg xmlns=""http://www.w3.org/2000/svg"" viewBox=""0 0 24 24""><path d=""M19 6.41L17.59 5 12 10.59 6.41 5 5 6.41 10.59 12 5 17.59 6.41 19 12 13.41 17.59 19 19 17.59 13.41 12z""></path></svg></span></button>"
id,"<button type=""button"" data-dismiss=""modal"" aria-label=""Close"" id=""closeModal"" class=""close""><span aria-hidden=""true"">×</span></button>"
id,"<button type=""button"" data-dismiss=""alert"" aria-label=""Close"" id=""closeAlert"" class=""close""><span aria-hidden=""true"">×</span></button>"
id,"<button type=""button"" data-toggle=""dropdown"" aria-expanded=""false"" id=""dropdownMenu"" class=""dropdown-toggle"">Menu</button>"
id,"<button type=""button"" data-toggle=""tooltip"" title=""Help"" id=""helpTooltip"" class=""btn btn-info"">Help</button>"
id,"<button type=""button"" data-toggle=""collapse"" data-target=""#details"" aria-expanded=""false"" id=""viewDetails"" class=""btn btn-primary"">View Details</button>"
id,"<button type=""button"" data-toggle=""modal"" data-target=""#exampleModal"" id=""openModal"" class=""btn btn-secondary"">Open</button>"
id,"<button type=""button"" data-dismiss=""modal"" aria-label=""Close"" id=""closeModalSecondary"" class=""close""><span aria-hidden=""true"">×</span></button>"
id,"<button type=""button"" data-toggle=""dropdown"" aria-expanded=""false"" id=""menuDropdown"" class=""dropdown-toggle"">Menu</button>"
id,"<button type=""button"" data-dismiss=""alert"" aria-label=""Close"" id=""closeAlertSecondary"" class=""close""><span aria-hidden=""true"">×</span></button>"
id,"<button type=""button"" data-toggle=""collapse"" data-target=""#settings"" aria-expanded=""false"" id=""settingsCollapse"" class=""btn btn-warning"">Settings</button>"
id,"<button type=""button"" data-toggle=""modal"" data-target=""#infoModal"" id=""infoModalButton"" class=""btn btn-info"">Info</button>"
id,"<button type=""button"" aria-label=""Submit"" id=""submitForm"" class=""btn btn-success"">Submit</button>"
id,"<button type=""button"" data-toggle=""tooltip"" title=""Refresh"" id=""refreshButton"" class=""btn btn-primary"">Refresh</button>"
id,"<button type=""button"" data-dismiss=""modal"" aria-label=""Close"" id=""modalClose"" class=""btn btn-danger"">Close</button>"
id,"<button type=""button"" data-toggle=""dropdown"" aria-expanded=""false"" id=""dropdownToggle"" class=""btn btn-secondary"">Dropdown</button>"
id,"<button type=""button"" data-dismiss=""alert"" aria-label=""Close"" id=""alertClose"" class=""btn btn-danger"">Close</button>"
id,"<button type=""button"" data-toggle=""tooltip"" title=""Settings"" id=""settingsTooltip"" class=""btn btn-secondary"">Settings</button>"
id,"<button type=""button"" data-toggle=""modal"" data-target=""#contactModal"" id=""contactButton"" class=""btn btn-primary"">Contact</button>"
id,"<button type=""button"" aria-label=""Save"" id=""saveChanges"" class=""btn btn-success"">Save</button>"
id,"<button type=""button"" data-dismiss=""modal"" aria-label=""Close"" id=""modalCloseSecondary"" class=""btn btn-danger"">Close</button>"
id,"<button type=""button"" data-toggle=""dropdown"" aria-expanded=""false"" id=""menuDropdownButton"" class=""btn btn-primary"">Menu</button>"
id,"<button type=""button"" data-dismiss=""alert"" aria-label=""Close"" id=""alertCloseButton"" class=""btn btn-warning"">Close</button>"
id,"<button type=""button"" data-toggle=""modal"" data-target=""#infoModalButton"" id=""infoModalLauncher"" class=""btn btn-info"">Info</button>"
id,"<button type=""button"" data-toggle=""collapse"" data-target=""#detailsPanel"" aria-expanded=""false"" id=""detailsToggle"" class=""btn btn-secondary"">Details</button>"
id,"<button type=""button"" aria-label=""Submit Form"" id=""submitFormButton"" class=""btn btn-success"">Submit</button>"
id,"<button type=""button"" data-toggle=""tooltip"" title=""Refresh Page"" id=""pageRefresh"" class=""btn btn-primary"">Refresh</button>"
id,"<button type=""button"" data-dismiss=""modal"" aria-label=""Close Modal"" id=""modalClose"" class=""btn btn-danger"">Close</button>"
id,"<button type=""button"" data-toggle=""dropdown"" aria-expanded=""false"" id=""dropdownMenuButton"" class=""btn btn-secondary"">Menu</button>"
id,"<button type=""button"" data-dismiss=""alert"" aria-label=""Close Alert"" id=""alertCloseButton"" class=""btn btn-warning"">Close</button>"
id,"<button type=""button"" data-toggle=""modal"" data-target=""#infoModal"" id=""infoModalTrigger"" class=""btn btn-info"">Info</button>"
id,"<button type=""button"" data-toggle=""collapse"" data-target=""#settingsPanel"" aria-expanded=""false"" id=""settingsPanelToggle"" class=""btn btn-primary"">Settings</button>"
id,"<button type=""button"" aria-label=""Save Changes"" id=""saveButton"" class=""btn btn-success"">Save</button>"
id,"<button type=""button"" data-dismiss=""modal"" aria-label=""Close"" id=""modalClose"" class=""btn btn-danger"">Close</button>"
id,"<button type=""button"" data-toggle=""dropdown"" aria-expanded=""false"" id=""dropdownMenuToggle"" class=""btn btn-secondary"">Menu</button>"
id,"<button type=""button"" data-dismiss=""alert"" aria-label=""Close"" id=""alertClose"" class=""btn btn-warning"">Close</button>"
id,"<button type=""button"" data-toggle=""modal"" data-target=""#contactModal"" id=""contactModalTrigger"" class=""btn btn-primary"">Contact</button>"
id,"<button type=""button"" data-toggle=""tooltip"" title=""Help"" id=""helpTooltipButton"" class=""btn btn-info"">Help</button>"
id,"<button type=""button"" aria-label=""Submit Form"" id=""submitFormButton"" class=""btn btn-success"">Submit</button>"
id,"<button type=""button"" data-toggle=""modal"" data-target=""#infoModal"" id=""infoModalLauncher"" class=""btn btn-info"">Info</button>"
id,"<button type=""button"" data-toggle=""collapse"" data-target=""#detailsSection"" aria-expanded=""false"" id=""detailsSectionToggle"" class=""btn btn-secondary"">Details</button>"
id,"<button type=""button"" data-dismiss=""modal"" aria-label=""Close"" id=""modalClose"" class=""btn btn-danger"">Close</button>"
id,"<button type=""button"" data-toggle=""dropdown"" aria-expanded=""false"" id=""dropdownMenu"" class=""btn btn-secondary"">Dropdown</button>"
id,"<button type=""button"" data-dismiss=""alert"" aria-label=""Close"" id=""alertCloseButton"" class=""btn btn-warning"">Close</button>"
id,"<button type=""button"" data-toggle=""modal"" data-target=""#infoModal"" id=""infoModalOpen"" class=""btn btn-info"">Info</button>"
id,"<button type=""button"" data-toggle=""collapse"" data-target=""#settingsSection"" aria-expanded=""false"" id=""settingsSectionToggle"" class=""btn btn-primary"">Settings</button>"
id,"<button type=""button"" aria-label=""Save Changes"" id=""saveChangesButton"" class=""btn btn-success"">Save</button>"
id,"<button type=""button"" data-dismiss=""modal"" aria-label=""Close"" id=""modalClose"" class=""btn btn-danger"">Close</button>"
id,"<button type=""button"" data-toggle=""dropdown"" aria-expanded=""false"" id=""dropdownMenu"" class=""btn btn-secondary"">Menu</button>"
id,"<button type=""button"" data-dismiss=""alert"" aria-label=""Close"" id=""alertClose"" class=""btn btn-warning"">Close</button>"
id,"<button type=""button"" data-toggle=""modal"" data-target=""#contactModal"" id=""contactModalButton"" class=""btn btn-primary"">Contact</button>"
id,"<button type=""button"" class=""btn btn-primary btn-ripple"" id=""btn-login"">Login</button>"
id,"<button type=""button"" class=""btn btn-secondary btn-ripple"" id=""btn-register"">Register</button>"
id,"<button type=""button"" class=""btn btn-success btn-ripple"" id=""btn-save"">Save</button>"
id,"<button type=""button"" class=""btn btn-danger btn-ripple"" id=""btn-delete"">Delete</button>"
id,"<button type=""button"" class=""btn btn-warning btn-ripple"" id=""btn-warning"">Warning</button>"
id,"<button type=""button"" class=""btn btn-info btn-ripple"" id=""btn-info"">Info</button>"
id,"<button type=""button"" class=""btn btn-light btn-ripple"" id=""btn-light"">Light</button>"
id,"<button type=""button"" class=""btn btn-dark btn-ripple"" id=""btn-dark"">Dark</button>"
id,"<button type=""button"" class=""btn btn-link btn-ripple"" id=""btn-link"">Link</button>"
id,"<button type=""button"" class=""btn btn-primary btn-ripple"" id=""btn-submit"">Submit</button>"
id,"<button type=""button"" class=""btn btn-secondary btn-ripple"" id=""btn-cancel"">Cancel</button>"
id,"<button type=""button"" class=""btn btn-success btn-ripple"" id=""btn-confirm"">Confirm</button>"
id,"<button type=""button"" class=""btn btn-danger btn-ripple"" id=""btn-remove"">Remove</button>"
id,"<button type=""button"" class=""btn btn-warning btn-ripple"" id=""btn-alert"">Alert</button>"
id,"<button type=""button"" class=""btn btn-info btn-ripple"" id=""btn-info"">Information</button>"
id,"<button type=""button"" class=""btn btn-light btn-ripple"" id=""btn-clear"">Clear</button>"
id,"<button type=""button"" class=""btn btn-dark btn-ripple"" id=""btn-dark-mode"">Dark Mode</button>"
id,"<button type=""button"" class=""btn btn-link btn-ripple"" id=""btn-next"">Next</button>"
id,"<button type=""button"" class=""btn btn-primary btn-ripple"" id=""btn-prev"">Previous</button>"
id,"<button type=""button"" class=""btn btn-secondary btn-ripple"" id=""btn-edit"">Edit</button>"
id,"<button type=""button"" class=""btn btn-success btn-ripple"" id=""btn-apply"">Apply</button>"
id,"<button type=""button"" class=""btn btn-danger btn-ripple"" id=""btn-remove-item"">Remove Item</button>"
id,"<button type=""button"" class=""btn btn-warning btn-ripple"" id=""btn-warning-alert"">Warning Alert</button>"
id,"<button type=""button"" class=""btn btn-info btn-ripple"" id=""btn-more-info"">More Info</button>"
id,"<button type=""button"" class=""btn btn-light btn-ripple"" id=""btn-light-theme"">Light Theme</button>"
id,"<button type=""button"" class=""btn btn-dark btn-ripple"" id=""btn-dark-theme"">Dark Theme</button>"
id,"<button type=""button"" class=""btn btn-link btn-ripple"" id=""btn-home"">Home</button>"
id,"<button type=""button"" class=""btn btn-primary btn-ripple"" id=""btn-search"">Search</button>"
id,"<button type=""button"" class=""btn btn-secondary btn-ripple"" id=""btn-filter"">Filter</button>"
id,"<button type=""button"" class=""btn btn-success btn-ripple"" id=""btn-download"">Download</button>"
id,"<button type=""button"" class=""btn btn-danger btn-ripple"" id=""btn-upload"">Upload</button>"
id,"<button type=""button"" class=""btn btn-warning btn-ripple"" id=""btn-warning-action"">Warning Action</button>"
id,"<button type=""button"" class=""btn btn-info btn-ripple"" id=""btn-help"">Help</button>"
id,"<button type=""button"" class=""btn btn-light btn-ripple"" id=""btn-reset"">Reset</button>"
id,"<button type=""button"" class=""btn btn-dark btn-ripple"" id=""btn-dark-mode-toggle"">Toggle Dark Mode</button>"
id,"<button type=""button"" class=""btn btn-link btn-ripple"" id=""btn-settings"">Settings</button>"
id,"<button type=""button"" class=""btn btn-primary btn-ripple"" id=""btn-submit-form"">Submit Form</button>"
id,"<button type=""button"" class=""btn btn-secondary btn-ripple"" id=""btn-close"">Close</button>"
id,"<button type=""button"" class=""btn btn-success btn-ripple"" id=""btn-save-changes"">Save Changes</button>"
id,"<button type=""button"" class=""btn btn-danger btn-ripple"" id=""btn-cancel-action"">Cancel Action</button>"
id,"<button type=""button"" class=""btn btn-warning btn-ripple"" id=""btn-warning-notice"">Warning Notice</button>"
id,"<button type=""button"" class=""btn btn-info btn-ripple"" id=""btn-add-info"">Add Info</button>"
id,"<button type=""button"" class=""btn btn-light btn-ripple"" id=""btn-light-theme-toggle"">Toggle Light Theme</button>"
id,"<button type=""button"" class=""btn btn-dark btn-ripple"" id=""btn-dark-theme-toggle"">Toggle Dark Theme</button>"
id,"<button type=""button"" class=""btn btn-link btn-ripple"" id=""btn-contact"">Contact</button>"
id,"<button type=""button"" class=""btn btn-primary btn-ripple"" id=""btn-submit-request"">Submit Request</button>"
id,"<button type=""button"" class=""btn btn-secondary btn-ripple"" id=""btn-return"">Return</button>"
id,"<button type=""button"" class=""btn btn-success btn-ripple"" id=""btn-submit-feedback"">Submit Feedback</button>"
id,"<button type=""button"" class=""btn btn-danger btn-ripple"" id=""btn-discard"">Discard</button>"
id,"<button type=""button"" class=""btn btn-warning btn-ripple"" id=""btn-warning-action"">Warning Action</button>"
class,"<button type=""button"" class=""rebuy-button rebuy-cart__checkout-button block""><span><i class=""rebuy-button-icon prefix fas fa-lock"" aria-hidden=""true""></i> Checkout <i class=""""></i></span></button>"
class,"<button type=""button"" class=""rebuy-button rebuy-cart__buy-button block""><span><i class=""rebuy-button-icon prefix fas fa-shopping-cart"" aria-hidden=""true""></i> Buy Now <i class=""""></i></span></button>"
class,"<button type=""button"" class=""rebuy-button rebuy-cart__remove-button block""><span><i class=""rebuy-button-icon prefix fas fa-trash"" aria-hidden=""true""></i> Remove <i class=""""></i></span></button>"
class,"<button type=""button"" class=""rebuy-button rebuy-cart__add-to-wishlist-button block""><span><i class=""rebuy-button-icon prefix fas fa-heart"" aria-hidden=""true""></i> Add to Wishlist <i class=""""></i></span></button>"
class,"<button type=""button"" class=""rebuy-button rebuy-cart__view-details-button block""><span><i class=""rebuy-button-icon prefix fas fa-info-circle"" aria-hidden=""true""></i> View Details <i class=""""></i></span></button>"
class,"<button type=""button"" class=""rebuy-button rebuy-cart__apply-coupon-button block""><span><i class=""rebuy-button-icon prefix fas fa-tags"" aria-hidden=""true""></i> Apply Coupon <i class=""""></i></span></button>"
class,"<button type=""button"" class=""rebuy-button rebuy-cart__proceed-to-payment-button block""><span><i class=""rebuy-button-icon prefix fas fa-credit-card"" aria-hidden=""true""></i> Proceed to Payment <i class=""""></i></span></button>"
class,"<button type=""button"" class=""rebuy-button rebuy-cart__track-order-button block""><span><i class=""rebuy-button-icon prefix fas fa-truck"" aria-hidden=""true""></i> Track Order <i class=""""></i></span></button>"
class,"<button type=""button"" class=""rebuy-button rebuy-cart__update-quantity-button block""><span><i class=""rebuy-button-icon prefix fas fa-sync"" aria-hidden=""true""></i> Update Quantity <i class=""""></i></span></button>"
class,"<button type=""button"" class=""rebuy-button rebuy-cart__view-cart-button block""><span><i class=""rebuy-button-icon prefix fas fa-cart-plus"" aria-hidden=""true""></i> View Cart <i class=""""></i></span></button>"
class,"<button type=""button"" class=""rebuy-button rebuy-cart__checkout-button block""><span><i class=""rebuy-button-icon prefix fas fa-lock"" aria-hidden=""true""></i> Checkout <i class=""""></i></span></button>"
class,"<button type=""button"" class=""rebuy-button rebuy-cart__buy-button block""><span><i class=""rebuy-button-icon prefix fas fa-shopping-cart"" aria-hidden=""true""></i> Buy Now <i class=""""></i></span></button>"
class,"<button type=""button"" class=""rebuy-button rebuy-cart__remove-button block""><span><i class=""rebuy-button-icon prefix fas fa-trash"" aria-hidden=""true""></i> Remove <i class=""""></i></span></button>"
class,"<button type=""button"" class=""rebuy-button rebuy-cart__add-to-wishlist-button block""><span><i class=""rebuy-button-icon prefix fas fa-heart"" aria-hidden=""true""></i> Add to Wishlist <i class=""""></i></span></button>"
class,"<button type=""button"" class=""rebuy-button rebuy-cart__view-details-button block""><span><i class=""rebuy-button-icon prefix fas fa-info-circle"" aria-hidden=""true""></i> View Details <i class=""""></i></span></button>"
name,"<button type=""button"" name=""checkout-button""><span><i class=""rebuy-button-icon prefix fas fa-lock"" aria-hidden=""true""></i> Checkout <i class=""""></i></span></button>"
name,"<button type=""button"" name=""buy-now-button""><span><i class=""rebuy-button-icon prefix fas fa-shopping-cart"" aria-hidden=""true""></i> Buy Now <i class=""""></i></span></button>"
name,"<button type=""button"" name=""remove-button""><span><i class=""rebuy-button-icon prefix fas fa-trash"" aria-hidden=""true""></i> Remove <i class=""""></i></span></button>"
name,"<button type=""button"" name=""add-to-wishlist-button""><span><i class=""rebuy-button-icon prefix fas fa-heart"" aria-hidden=""true""></i> Add to Wishlist <i class=""""></i></span></button>"
name,"<button type=""button"" name=""view-details-button""><span><i class=""rebuy-button-icon prefix fas fa-info-circle"" aria-hidden=""true""></i> View Details <i class=""""></i></span></button>"
name,"<button type=""button"" name=""apply-coupon-button""><span><i class=""rebuy-button-icon prefix fas fa-tags"" aria-hidden=""true""></i> Apply Coupon <i class=""""></i></span></button>"
name,"<button type=""button"" name=""proceed-to-payment-button""><span><i class=""rebuy-button-icon prefix fas fa-credit-card"" aria-hidden=""true""></i> Proceed to Payment <i class=""""></i></span></button>"
name,"<button type=""button"" name=""track-order-button""><span><i class=""rebuy-button-icon prefix fas fa-truck"" aria-hidden=""true""></i> Track Order <i class=""""></i></span></button>"
name,"<button type=""button"" name=""update-quantity-button""><span><i class=""rebuy-button-icon prefix fas fa-sync"" aria-hidden=""true""></i> Update Quantity <i class=""""></i></span></button>"
name,"<button type=""button"" name=""view-cart-button""><span><i class=""rebuy-button-icon prefix fas fa-cart-plus"" aria-hidden=""true""></i> View Cart <i class=""""></i></span></button>"
name,"<button type=""button"" name=""checkout-button""><span><i class=""rebuy-button-icon prefix fas fa-lock"" aria-hidden=""true""></i> Checkout <i class=""""></i></span></button>"
name,"<button type=""button"" name=""buy-now-button""><span><i class=""rebuy-button-icon prefix fas fa-shopping-cart"" aria-hidden=""true""></i> Buy Now <i class=""""></i></span></button>"
name,"<button type=""button"" name=""remove-button""><span><i class=""rebuy-button-icon prefix fas fa-trash"" aria-hidden=""true""></i> Remove <i class=""""></i></span></button>"
name,"<button type=""button"" name=""add-to-wishlist-button""><span><i class=""rebuy-button-icon prefix fas fa-heart"" aria-hidden=""true""></i> Add to Wishlist <i class=""""></i></span></button>"
name,"<button type=""button"" name=""view-details-button""><span><i class=""rebuy-button-icon prefix fas fa-info-circle"" aria-hidden=""true""></i> View Details <i class=""""></i></span></button>"
name,"<button type=""button"" name=""apply-coupon-button""><span><i class=""rebuy-button-icon prefix fas fa-tags"" aria-hidden=""true""></i> Apply Coupon <i class=""""></i></span></button>"
name,"<button type=""button"" name=""proceed-to-payment-button""><span><i class=""rebuy-button-icon prefix fas fa-credit-card"" aria-hidden=""true""></i> Proceed to Payment <i class=""""></i></span></button>"
name,"<button type=""button"" name=""track-order-button""><span><i class=""rebuy-button-icon prefix fas fa-truck"" aria-hidden=""true""></i> Track Order <i class=""""></i></span></button>"
name,"<button type=""button"" name=""update-quantity-button""><span><i class=""rebuy-button-icon prefix fas fa-sync"" aria-hidden=""true""></i> Update Quantity <i class=""""></i></span></button>"
name,"<button type=""button"" name=""view-cart-button""><span><i class=""rebuy-button-icon prefix fas fa-cart-plus"" aria-hidden=""true""></i> View Cart <i class=""""></i></span></button>"
name,"<button type=""button"" name=""checkout-button""><span><i class=""rebuy-button-icon prefix fas fa-lock"" aria-hidden=""true""></i> Checkout <i class=""""></i></span></button>"
name,"<button type=""button"" name=""buy-now-button""><span><i class=""rebuy-button-icon prefix fas fa-shopping-cart"" aria-hidden=""true""></i> Buy Now <i class=""""></i></span></button>"
name,"<button type=""button"" name=""remove-button""><span><i class=""rebuy-button-icon prefix fas fa-trash"" aria-hidden=""true""></i> Remove <i class=""""></i></span></button>"
name,"<button type=""button"" name=""add-to-wishlist-button""><span><i class=""rebuy-button-icon prefix fas fa-heart"" aria-hidden=""true""></i> Add to Wishlist <i class=""""></i></span></button>"
name,"<button type=""button"" name=""view-details-button""><span><i class=""rebuy-button-icon prefix fas fa-info-circle"" aria-hidden=""true""></i> View Details <i class=""""></i></span></button>"
name,"<button type=""button"" name=""apply-coupon-button""><span><i class=""rebuy-button-icon prefix fas fa-tags"" aria-hidden=""true""></i> Apply Coupon <i class=""""></i></span></button>"
name,"<button type=""button"" name=""proceed-to-payment-button""><span><i class=""rebuy-button-icon prefix fas fa-credit-card"" aria-hidden=""true""></i> Proceed to Payment <i class=""""></i></span></button>"
name,"<button type=""button"" name=""track-order-button""><span><i class=""rebuy-button-icon prefix fas fa-truck"" aria-hidden=""true""></i> Track Order <i class=""""></i></span></button>"
name,"<button type=""button"" name=""update-quantity-button""><span><i class=""rebuy-button-icon prefix fas fa-sync"" aria-hidden=""true""></i> Update Quantity <i class=""""></i></span></button>"
name,"<button type=""button"" name=""view-cart-button""><span><i class=""rebuy-button-icon prefix fas fa-cart-plus"" aria-hidden=""true""></i> View Cart <i class=""""></i></span></button>"
name,"<button type=""button"" name=""checkout-button""><span><i class=""rebuy-button-icon prefix fas fa-lock"" aria-hidden=""true""></i> Checkout <i class=""""></i></span></button>"
name,"<button type=""button"" name=""buy-now-button""><span><i class=""rebuy-button-icon prefix fas fa-shopping-cart"" aria-hidden=""true""></i> Buy Now <i class=""""></i></span></button>"
name,"<button type=""button"" name=""remove-button""><span><i class=""rebuy-button-icon prefix fas fa-trash"" aria-hidden=""true""></i> Remove <i class=""""></i></span></button>"
name,"<button type=""button"" name=""add-to-wishlist-button""><span><i class=""rebuy-button-icon prefix fas fa-heart"" aria-hidden=""true""></i> Add to Wishlist <i class=""""></i></span></button>"
name,"<button type=""button"" name=""view-details-button""><span><i class=""rebuy-button-icon prefix fas fa-info-circle"" aria-hidden=""true""></i> View Details <i class=""""></i></span></button>"
name,"<button type=""button"" name=""apply-coupon-button""><span><i class=""rebuy-button-icon prefix fas fa-tags"" aria-hidden=""true""></i> Apply Coupon <i class=""""></i></span></button>"
name,"<button type=""button"" name=""proceed-to-payment-button""><span><i class=""rebuy-button-icon prefix fas fa-credit-card"" aria-hidden=""true""></i> Proceed to Payment <i class=""""></i></span></button>"
name,"<button type=""button"" name=""track-order-button""><span><i class=""rebuy-button-icon prefix fas fa-truck"" aria-hidden=""true""></i> Track Order <i class=""""></i></span></button>"
name,"<button type=""button"" name=""update-quantity-button""><span><i class=""rebuy-button-icon prefix fas fa-sync"" aria-hidden=""true""></i> Update Quantity <i class=""""></i></span></button>"
name,"<button type=""button"" name=""view-cart-button""><span><i class=""rebuy-button-icon prefix fas fa-cart-plus"" aria-hidden=""true""></i> View Cart <i class=""""></i></span></button>"
name,"<button type=""button"" name=""checkout-button""><span><i class=""rebuy-button-icon prefix fas fa-lock"" aria-hidden=""true""></i> Checkout <i class=""""></i></span></button>"
name,"<button type=""button"" name=""buy-now-button""><span><i class=""rebuy-button-icon prefix fas fa-shopping-cart"" aria-hidden=""true""></i> Buy Now <i class=""""></i></span></button>"
name,"<button type=""button"" name=""remove-button""><span><i class=""rebuy-button-icon prefix fas fa-trash"" aria-hidden=""true""></i> Remove <i class=""""></i></span></button>"
name,"<button type=""button"" name=""add-to-wishlist-button""><span><i class=""rebuy-button-icon prefix fas fa-heart"" aria-hidden=""true""></i> Add to Wishlist <i class=""""></i></span></button>"
name,"<button type=""button"" name=""view-details-button""><span><i class=""rebuy-button-icon prefix fas fa-info-circle"" aria-hidden=""true""></i> View Details <i class=""""></i></span></button>"
name,"<button type=""button"" name=""apply-coupon-button""><span><i class=""rebuy-button-icon prefix fas fa-tags"" aria-hidden=""true""></i> Apply Coupon <i class=""""></i></span></button>"
name,"<button type=""button"" name=""proceed-to-payment-button""><span><i class=""rebuy-button-icon prefix fas fa-credit-card"" aria-hidden=""true""></i> Proceed to Payment <i class=""""></i></span></button>"
name,"<button type=""button"" name=""track-order-button""><span><i class=""rebuy-button-icon prefix fas fa-truck"" aria-hidden=""true""></i> Track Order <i class=""""></i></span></button>"
name,"<button type=""button"" name=""update-quantity-button""><span><i class=""rebuy-button-icon prefix fas fa-sync"" aria-hidden=""true""></i> Update Quantity <i class=""""></i></span></button>"
name,"<button type=""button"" name=""view-cart-button""><span><i class=""rebuy-button-icon prefix fas fa-cart-plus"" aria-hidden=""true""></i> View Cart <i class=""""></i></span></button>"
id,"<button type=""button"" id=""submit-form"" aria-label=""Submit Form"">Submit</button>"
name,"<button type=""button"" name=""add-to-cart"" aria-label=""Add to Cart"">Add to Cart</button>"
id,"<button type=""button"" id=""search-btn"" aria-label=""Search"">Search</button>"
name,"<button type=""button"" name=""view-details"" aria-label=""View Details"">View Details</button>"
id,"<button type=""button"" id=""checkout-btn"" aria-label=""Proceed to Checkout"">Checkout</button>"
name,"<button type=""button"" name=""remove-item"" aria-label=""Remove Item"">Remove</button>"
id,"<button type=""button"" id=""save-changes"" aria-label=""Save Changes"">Save</button>"
name,"<button type=""button"" name=""subscribe"" aria-label=""Subscribe"">Subscribe</button>"
id,"<button type=""button"" id=""track-order"" aria-label=""Track Order"">Track Order</button>"
name,"<button type=""button"" name=""apply-coupon"" aria-label=""Apply Coupon"">Apply Coupon</button>"
id,"<button type=""button"" id=""close-modal"" aria-label=""Close Modal"">Close</button>"
name,"<button type=""button"" name=""update-quantity"" aria-label=""Update Quantity"">Update Quantity</button>"
id,"<button type=""button"" id=""cancel-btn"" aria-label=""Cancel"">Cancel</button>"
name,"<button type=""button"" name=""proceed-payment"" aria-label=""Proceed to Payment"">Proceed to Payment</button>"
id,"<button type=""button"" id=""filter-btn"" aria-label=""Filter Results"">Filter</button>"
name,"<button type=""button"" name=""view-cart"" aria-label=""View Cart"">View Cart</button>"
id,"<button type=""button"" id=""logout-btn"" aria-label=""Logout"">Logout</button>"
name,"<button type=""button"" name=""save-for-later"" aria-label=""Save for Later"">Save for Later</button>"
id,"<button type=""button"" id=""submit-feedback"" aria-label=""Submit Feedback"">Submit Feedback</button>"
name,"<button type=""button"" name=""help"" aria-label=""Help"">Help</button>"
id,"<button type=""button"" id=""play-video"" aria-label=""Play Video"">Play Video</button>"
name,"<button type=""button"" name=""contact-support"" aria-label=""Contact Support"">Contact Support</button>"
id,"<button type=""button"" id=""expand-details"" aria-label=""Expand Details"">Expand</button>"
name,"<button type=""button"" name=""close-panel"" aria-label=""Close Panel"">Close Panel</button>"
id,"<button type=""button"" id=""open-modal"" aria-label=""Open Modal"">Open Modal</button>"
name,"<button type=""button"" name=""edit-profile"" aria-label=""Edit Profile"">Edit Profile</button>"
id,"<button type=""button"" id=""download-file"" aria-label=""Download File"">Download</button>"
name,"<button type=""button"" name=""cancel-order"" aria-label=""Cancel Order"">Cancel Order</button>"
id,"<button type=""button"" id=""show-more"" aria-label=""Show More"">Show More</button>"
name,"<button type=""button"" name=""newsletter-signup"" aria-label=""Sign Up for Newsletter"">Sign Up</button>"
id,"<button type=""button"" id=""refresh-page"" aria-label=""Refresh Page"">Refresh</button>"
name,"<button type=""button"" name=""toggle-menu"" aria-label=""Toggle Menu"">Toggle Menu</button>"
id,"<button type=""button"" id=""go-to-checkout"" aria-label=""Go to Checkout"">Go to Checkout</button>"
name,"<button type=""button"" name=""request-info"" aria-label=""Request Info"">Request Info</button>"
id,"<button type=""button"" id=""change-password"" aria-label=""Change Password"">Change Password</button>"
name,"<button type=""button"" name=""view-profile"" aria-label=""View Profile"">View Profile</button>"
id,"<button type=""button"" id=""clear-search"" aria-label=""Clear Search"">Clear Search</button>"
name,"<button type=""button"" name=""add-review"" aria-label=""Add Review"">Add Review</button>"
id,"<button type=""button"" id=""confirm-action"" aria-label=""Confirm Action"">Confirm</button>"
name,"<button type=""button"" name=""open-settings"" aria-label=""Open Settings"">Open Settings</button>"
id,"<button type=""button"" id=""buy-now"" aria-label=""Buy Now"">Buy Now</button>"
name,"<button type=""button"" name=""start-trial"" aria-label=""Start Trial"">Start Trial</button>"
id,"<button type=""button"" id=""view-orders"" aria-label=""View Orders"">View Orders</button>"
name,"<button type=""button"" name=""set-reminder"" aria-label=""Set Reminder"">Set Reminder</button>"
id,"<button type=""button"" id=""toggle-sidebar"" aria-label=""Toggle Sidebar"">Toggle Sidebar</button>"
name,"<button type=""button"" name=""show-notifications"" aria-label=""Show Notifications"">Show Notifications</button>"
id,"<button type=""button"" id=""update-info"" aria-label=""Update Info"">Update Info</button>"
name,"<button type=""button"" name=""reset-password"" aria-label=""Reset Password"">Reset Password</button>"
id,"<button type=""button"" id=""confirm-delete"" aria-label=""Confirm Delete"">Confirm Delete</button>"
name,"<button type=""button"" name=""view-invoice"" aria-label=""View Invoice"">View Invoice</button>"
id,"<button type=""button"" id=""toggle-footer"" aria-label=""Toggle Footer"">Toggle Footer</button>"
name,"<button type=""button"" name=""remove-favorite"" aria-label=""Remove Favorite"">Remove Favorite</button>"
id,"<button type=""button"" id=""share"" aria-label=""Share"">Share</button>"
name,"<button type=""button"" name=""view-details"" aria-label=""View Details"">View Details</button>"
id,"<button type=""button"" id=""show-sidebar"" aria-label=""Show Sidebar"">Show Sidebar</button>"
name,"<button type=""button"" name=""open-chat"" aria-label=""Open Chat"">Open Chat</button>"
id,"<button type=""button"" id=""print"" aria-label=""Print"">Print</button>"
name,"<button type=""button"" name=""apply-filters"" aria-label=""Apply Filters"">Apply Filters</button>"
id,"<button type=""button"" id=""submit-feedback"" aria-label=""Submit Feedback"">Submit Feedback</button>"
name,"<button type=""button"" name=""add-to-list"" aria-label=""Add to List"">Add to List</button>"
id,"<button type=""button"" id=""play"" aria-label=""Play"">Play</button>"
name,"<button type=""button"" name=""buy-gift-card"" aria-label=""Buy Gift Card"">Buy Gift Card</button>"
id,"<button type=""button"" id=""close-popup"" aria-label=""Close Popup"">Close Popup</button>"
name,"<button type=""button"" name=""view-history"" aria-label=""View History"">View History</button>"
id,"<button type=""button"" id=""open-gallery"" aria-label=""Open Gallery"">Open Gallery</button>"
name,"<button type=""button"" name=""download-report"" aria-label=""Download Report"">Download Report</button>"
id,"<button type=""button"" id=""confirm-booking"" aria-label=""Confirm Booking"">Confirm Booking</button>"
name,"<button type=""button"" name=""reset-filters"" aria-label=""Reset Filters"">Reset Filters</button>"
id,"<button type=""button"" id=""show-modal"" aria-label=""Show Modal"">Show Modal</button>"
name,"<button type=""button"" name=""send-message"" aria-label=""Send Message"">Send Message</button>"
id,"<button type=""button"" id=""edit"" aria-label=""Edit"">Edit</button>"
name,"<button type=""button"" name=""save-draft"" aria-label=""Save Draft"">Save Draft</button>"
id,"<button type=""button"" id=""close-dialog"" aria-label=""Close Dialog"">Close Dialog</button>"
name,"<button type=""button"" name=""confirm-action"" aria-label=""Confirm Action"">Confirm Action</button>"
id,"<button type=""button"" id=""toggle-theme"" aria-label=""Toggle Theme"">Toggle Theme</button>"
name,"<button type=""button"" name=""submit-order"" aria-label=""Submit Order"">Submit Order</button>"
id,"<button type=""button"" id=""add-comment"" aria-label=""Add Comment"">Add Comment</button>"
name,"<button type=""button"" name=""toggle-view"" aria-label=""Toggle View"">Toggle View</button>"
id,"<button type=""button"" id=""retry"" aria-label=""Retry"">Retry</button>"
name,"<button type=""button"" name=""load-more"" aria-label=""Load More"">Load More</button>"
id,"<button type=""button"" id=""open-settings"" aria-label=""Open Settings"">Open Settings</button>"
name,"<button type=""button"" name=""confirm-subscription"" aria-label=""Confirm Subscription"">Confirm Subscription</button>"
id,"<button type=""button"" id=""send-invite"" aria-label=""Send Invite"">Send Invite</button>"
name,"<button type=""button"" name=""update-profile"" aria-label=""Update Profile"">Update Profile</button>"
id,"<button type=""button"" id=""cancel-subscription"" aria-label=""Cancel Subscription"">Cancel Subscription</button>"
name,"<button type=""button"" name=""start-quiz"" aria-label=""Start Quiz"">Start Quiz</button>"
id,"<button type=""button"" id=""add-new"" aria-label=""Add New"">Add New</button>"
name,"<button type=""button"" name=""view-report"" aria-label=""View Report"">View Report</button>"
id,"<button type=""button"" id=""upload"" aria-label=""Upload"">Upload</button>"
name,"<button type=""button"" name=""search"" aria-label=""Search"">Search</button>"
id,"<button type=""button"" id=""save-file"" aria-label=""Save File"">Save File</button>"
name,"<button type=""button"" name=""order-history"" aria-label=""Order History"">Order History</button>"
id,"<button type=""button"" id=""view-all"" aria-label=""View All"">View All</button>"
name,"<button type=""button"" name=""open-menu"" aria-label=""Open Menu"">Open Menu</button>"
id,"<button type=""button"" id=""confirm-logout"" aria-label=""Confirm Logout"">Confirm Logout</button>"
name,"<button type=""button"" name=""manage-account"" aria-label=""Manage Account"">Manage Account</button>"
id,"<button type=""button"" id=""check-updates"" aria-label=""Check Updates"">Check Updates</button>"
name,"<button type=""button"" name=""buy-ticket"" aria-label=""Buy Ticket"">Buy Ticket</button>"
id,"<button type=""button"" id=""show-all"" aria-label=""Show All"">Show All</button>"
name,"<button type=""button"" name=""clear-cache"" aria-label=""Clear Cache"">Clear Cache</button>"
class,"<button aria-hidden=""true"" aria-label=""Submit the form."" role=""button"" tabindex=""-1"" class=""btn-submit"" type=""button""><div class=""icon-wrapper""><svg viewBox=""0 0 24 24"" aria-hidden=""true"" class=""icon""><g><path d=""M12 3.59l7.457 7.45-1.414 1.42L13 7.41V21h-2V7.41l-5.043 5.05-1.414-1.42L12 3.59z""></path></g></svg><div dir=""ltr"" class=""label"" style=""text-overflow: unset; color: rgb(255, 255, 255);""><span class=""text"" style=""text-overflow: unset;"">Submit</span></div></div></button>"
class,"<button aria-hidden=""true"" aria-label=""Open settings menu."" role=""button"" tabindex=""-1"" class=""btn-settings"" type=""button""><div class=""icon-wrapper""><svg viewBox=""0 0 24 24"" aria-hidden=""true"" class=""icon""><g><path d=""M12 3.59l7.457 7.45-1.414 1.42L13 7.41V21h-2V7.41l-5.043 5.05-1.414-1.42L12 3.59z""></path></g></svg><div dir=""ltr"" class=""label"" style=""text-overflow: unset; color: rgb(255, 255, 255);""><span class=""text"" style=""text-overflow: unset;"">Settings</span></div></div></button>"
class,"<button aria-hidden=""true"" aria-label=""View notifications."" role=""button"" tabindex=""-1"" class=""btn-notifications"" type=""button""><div class=""icon-wrapper""><svg viewBox=""0 0 24 24"" aria-hidden=""true"" class=""icon""><g><path d=""M12 3.59l7.457 7.45-1.414 1.42L13 7.41V21h-2V7.41l-5.043 5.05-1.414-1.42L12 3.59z""></path></g></svg><div dir=""ltr"" class=""label"" style=""text-overflow: unset; color: rgb(255, 255, 255);""><span class=""text"" style=""text-overflow: unset;"">Notifications</span></div></div></button>"
class,"<button aria-hidden=""true"" aria-label=""Search for items."" role=""button"" tabindex=""-1"" class=""btn-search"" type=""button""><div class=""icon-wrapper""><svg viewBox=""0 0 24 24"" aria-hidden=""true"" class=""icon""><g><path d=""M12 3.59l7.457 7.45-1.414 1.42L13 7.41V21h-2V7.41l-5.043 5.05-1.414-1.42L12 3.59z""></path></g></svg><div dir=""ltr"" class=""label"" style=""text-overflow: unset; color: rgb(255, 255, 255);""><span class=""text"" style=""text-overflow: unset;"">Search</span></div></div></button>"
class,"<button aria-hidden=""true"" aria-label=""Open chat."" role=""button"" tabindex=""-1"" class=""btn-chat"" type=""button""><div class=""icon-wrapper""><svg viewBox=""0 0 24 24"" aria-hidden=""true"" class=""icon""><g><path d=""M12 3.59l7.457 7.45-1.414 1.42L13 7.41V21h-2V7.41l-5.043 5.05-1.414-1.42L12 3.59z""></path></g></svg><div dir=""ltr"" class=""label"" style=""text-overflow: unset; color: rgb(255, 255, 255);""><span class=""text"" style=""text-overflow: unset;"">Chat</span></div></div></button>"
class,"<button aria-hidden=""true"" aria-label=""Download file."" role=""button"" tabindex=""-1"" class=""btn-download"" type=""button""><div class=""icon-wrapper""><svg viewBox=""0 0 24 24"" aria-hidden=""true"" class=""icon""><g><path d=""M12 3.59l7.457 7.45-1.414 1.42L13 7.41V21h-2V7.41l-5.043 5.05-1.414-1.42L12 3.59z""></path></g></svg><div dir=""ltr"" class=""label"" style=""text-overflow: unset; color: rgb(255, 255, 255);""><span class=""text"" style=""text-overflow: unset;"">Download</span></div></div></button>"
class,"<button aria-hidden=""true"" aria-label=""Play video."" role=""button"" tabindex=""-1"" class=""btn-play"" type=""button""><div class=""icon-wrapper""><svg viewBox=""0 0 24 24"" aria-hidden=""true"" class=""icon""><g><path d=""M12 3.59l7.457 7.45-1.414 1.42L13 7.41V21h-2V7.41l-5.043 5.05-1.414-1.42L12 3.59z""></path></g></svg><div dir=""ltr"" class=""label"" style=""text-overflow: unset; color: rgb(255, 255, 255);""><span class=""text"" style=""text-overflow: unset;"">Play</span></div></div></button>"
class,"<button aria-hidden=""true"" aria-label=""Upload file."" role=""button"" tabindex=""-1"" class=""btn-upload"" type=""button""><div class=""icon-wrapper""><svg viewBox=""0 0 24 24"" aria-hidden=""true"" class=""icon""><g><path d=""M12 3.59l7.457 7.45-1.414 1.42L13 7.41V21h-2V7.41l-5.043 5.05-1.414-1.42L12 3.59z""></path></g></svg><div dir=""ltr"" class=""label"" style=""text-overflow: unset; color: rgb(255, 255, 255);""><span class=""text"" style=""text-overflow: unset;"">Upload</span></div></div></button>"
class,"<button aria-hidden=""true"" aria-label=""Save changes."" role=""button"" tabindex=""-1"" class=""btn-save"" type=""button""><div class=""icon-wrapper""><svg viewBox=""0 0 24 24"" aria-hidden=""true"" class=""icon""><g><path d=""M12 3.59l7.457 7.45-1.414 1.42L13 7.41V21h-2V7.41l-5.043 5.05-1.414-1.42L12 3.59z""></path></g></svg><div dir=""ltr"" class=""label"" style=""text-overflow: unset; color: rgb(255, 255, 255);""><span class=""text"" style=""text-overflow: unset;"">Save</span></div></div></button>"
class,"<button aria-hidden=""true"" aria-label=""Cancel action."" role=""button"" tabindex=""-1"" class=""btn-cancel"" type=""button""><div class=""icon-wrapper""><svg viewBox=""0 0 24 24"" aria-hidden=""true"" class=""icon""><g><path d=""M12 3.59l7.457 7.45-1.414 1.42L13 7.41V21h-2V7.41l-5.043 5.05-1.414-1.42L12 3.59z""></path></g></svg><div dir=""ltr"" class=""label"" style=""text-overflow: unset; color: rgb(255, 255, 255);""><span class=""text"" style=""text-overflow: unset;"">Cancel</span></div></div></button>"
id,"<button type=""button"" aria-label=""Close"" class=""close text-uppercase small"" id=""btn-close"">Close</button>"
name,"<button type=""button"" aria-label=""Submit"" class=""submit text-uppercase medium"" name=""btn-submit"">Submit</button>"
id,"<button type=""button"" aria-label=""Cancel"" class=""cancel text-uppercase large"" id=""btn-cancel"">Cancel</button>"
name,"<button type=""button"" aria-label=""Save"" class=""save text-uppercase small"" name=""btn-save"">Save</button>"
id,"<button type=""button"" aria-label=""Delete"" class=""delete text-uppercase medium"" id=""btn-delete"">Delete</button>"
name,"<button type=""button"" aria-label=""Edit"" class=""edit text-uppercase large"" name=""btn-edit"">Edit</button>"
id,"<button type=""button"" aria-label=""Next"" class=""next text-uppercase small"" id=""btn-next"">Next</button>"
name,"<button type=""button"" aria-label=""Previous"" class=""previous text-uppercase medium"" name=""btn-previous"">Previous</button>"
id,"<button type=""button"" aria-label=""Refresh"" class=""refresh text-uppercase large"" id=""btn-refresh"">Refresh</button>"
name,"<button type=""button"" aria-label=""Search"" class=""search text-uppercase small"" name=""btn-search"">Search</button>"
id,"<button type=""button"" aria-label=""Submit"" class=""submit text-uppercase medium"" id=""btn-submit"">Submit</button>"
name,"<button type=""button"" aria-label=""Cancel"" class=""cancel text-uppercase small"" name=""btn-cancel"">Cancel</button>"
id,"<button type=""button"" aria-label=""Save"" class=""save text-uppercase large"" id=""btn-save"">Save</button>"
name,"<button type=""button"" aria-label=""Delete"" class=""delete text-uppercase small"" name=""btn-delete"">Delete</button>"
id,"<button type=""button"" aria-label=""Edit"" class=""edit text-uppercase medium"" id=""btn-edit"">Edit</button>"
name,"<button type=""button"" aria-label=""Next"" class=""next text-uppercase large"" name=""btn-next"">Next</button>"
id,"<button type=""button"" aria-label=""Previous"" class=""previous text-uppercase small"" id=""btn-previous"">Previous</button>"
name,"<button type=""button"" aria-label=""Refresh"" class=""refresh text-uppercase medium"" name=""btn-refresh"">Refresh</button>"
id,"<button type=""button"" aria-label=""Search"" class=""search text-uppercase large"" id=""btn-search"">Search</button>"
name,"<button type=""button"" aria-label=""Submit"" class=""submit text-uppercase small"" name=""btn-submit"">Submit</button>"
id,"<button type=""button"" aria-label=""Cancel"" class=""cancel text-uppercase medium"" id=""btn-cancel"">Cancel</button>"
name,"<button type=""button"" aria-label=""Save"" class=""save text-uppercase small"" name=""btn-save"">Save</button>"
id,"<button type=""button"" aria-label=""Delete"" class=""delete text-uppercase large"" id=""btn-delete"">Delete</button>"
name,"<button type=""button"" aria-label=""Edit"" class=""edit text-uppercase small"" name=""btn-edit"">Edit</button>"
id,"<button type=""button"" aria-label=""Next"" class=""next text-uppercase medium"" id=""btn-next"">Next</button>"
name,"<button type=""button"" aria-label=""Previous"" class=""previous text-uppercase large"" name=""btn-previous"">Previous</button>"
name,"<button type=""button"" aria-label=""Refresh"" class=""refresh text-uppercase small"" id=""btn-refresh"">Refresh</button>"
name,"<button type=""button"" aria-label=""Search"" class=""search text-uppercase medium"" name=""btn-search"">Search</button>"
id,"<button type=""button"" aria-label=""Submit"" class=""submit text-uppercase large"" id=""btn-submit"">Submit</button>"
name,"<button type=""button"" aria-label=""Cancel"" class=""cancel text-uppercase small"" name=""btn-cancel"">Cancel</button>"
id,"<button type=""button"" aria-label=""Save"" class=""save text-uppercase medium"" id=""btn-save"">Save</button>"
name,"<button type=""button"" aria-label=""Delete"" class=""delete text-uppercase large"" name=""btn-delete"">Delete</button>"
id,"<button type=""button"" aria-label=""Edit"" class=""edit text-uppercase small"" id=""btn-edit"">Edit</button>"
name,"<button type=""button"" aria-label=""Next"" class=""next text-uppercase medium"" name=""btn-next"">Next</button>"
id,"<button type=""button"" aria-label=""Previous"" class=""previous text-uppercase large"" id=""btn-previous"">Previous</button>"
name,"<button type=""button"" aria-label=""Refresh"" class=""refresh text-uppercase small"" name=""btn-refresh"">Refresh</button>"
id,"<button type=""button"" aria-label=""Search"" class=""search text-uppercase medium"" id=""btn-search"">Search</button>"
name,"<button type=""button"" aria-label=""Submit"" class=""submit text-uppercase large"" name=""btn-submit"">Submit</button>"
id,"<button type=""button"" aria-label=""Cancel"" class=""cancel text-uppercase medium"" id=""btn-cancel"">Cancel</button>"
name,"<button type=""button"" aria-label=""Save"" class=""save text-uppercase small"" name=""btn-save"">Save</button>"
id,"<button type=""button"" aria-label=""Delete"" class=""delete text-uppercase medium"" id=""btn-delete"">Delete</button>"
name,"<button type=""button"" aria-label=""Edit"" class=""edit text-uppercase large"" name=""btn-edit"">Edit</button>"
id,"<button type=""button"" aria-label=""Next"" class=""next text-uppercase small"" id=""btn-next"">Next</button>"
name,"<button type=""button"" aria-label=""Previous"" class=""previous text-uppercase medium"" name=""btn-previous"">Previous</button>"
id,"<button type=""button"" aria-label=""Refresh"" class=""refresh text-uppercase large"" id=""btn-refresh"">Refresh</button>"
name,"<button type=""button"" aria-label=""Search"" class=""search text-uppercase small"" name=""btn-search"">Search</button>"
id,"<button type=""button"" aria-label=""Submit"" class=""submit text-uppercase medium"" id=""btn-submit"">Submit</button>"
name,"<button type=""button"" aria-label=""Cancel"" class=""cancel text-uppercase large"" name=""btn-cancel"">Cancel</button>"
id,"<button type=""button"" aria-label=""Save"" class=""save text-uppercase medium"" id=""btn-save"">Save</button>"
name,"<button type=""button"" aria-label=""Delete"" class=""delete text-uppercase small"" name=""btn-delete"">Delete</button>"
id,"<button type=""button"" aria-label=""Add to cart"" class=""btn btn-primary btn-lg"" id=""add-to-cart"" data-action=""add"">Add to Cart</button>"
name,"<button type=""button"" aria-label=""View details"" class=""btn btn-secondary btn-sm"" name=""view-details"" data-toggle=""modal"" data-target=""#detailsModal"">View Details</button>"
id,"<button type=""button"" aria-label=""Submit form"" class=""btn btn-success btn-block"" id=""submit-form"" data-form=""mainForm"">Submit Form</button>"
name,"<button type=""button"" aria-label=""Download"" class=""btn btn-info btn-md"" name=""btn-download"" data-url=""/downloads/file"">Download</button>"
id,"<button type=""button"" aria-label=""Save changes"" class=""btn btn-warning btn-xs"" id=""save-changes"" data-save=""true"">Save Changes</button>"
name,"<button type=""button"" aria-label=""Cancel action"" class=""btn btn-danger btn-lg"" name=""cancel-action"" data-confirm=""true"">Cancel Action</button>"
id,"<button type=""button"" aria-label=""Toggle menu"" class=""btn btn-light btn-lg"" id=""toggle-menu"" data-toggle=""collapse"" data-target=""#menu"">Toggle Menu</button>"
name,"<button type=""button"" aria-label=""Load more"" class=""btn btn-dark btn-md"" name=""load-more"" data-load=""true"">Load More</button>"
id,"<button type=""button"" aria-label=""Search items"" class=""btn btn-primary btn-sm"" id=""search-items"" data-search=""true"">Search Items</button>"
name,"<button type=""button"" aria-label=""Confirm"" class=""btn btn-success btn-lg"" name=""confirm-action"" data-action=""confirm"">Confirm</button>"
id,"<button type=""button"" aria-label=""Reject"" class=""btn btn-danger btn-md"" id=""reject"" data-action=""reject"">Reject</button>"
name,"<button type=""button"" aria-label=""Edit profile"" class=""btn btn-info btn-xs"" name=""edit-profile"" data-toggle=""modal"" data-target=""#profileModal"">Edit Profile</button>"
id,"<button type=""button"" aria-label=""Send message"" class=""btn btn-warning btn-sm"" id=""send-message"" data-action=""send"">Send Message</button>"
name,"<button type=""button"" aria-label=""Upload file"" class=""btn btn-primary btn-lg"" name=""upload-file"" data-toggle=""file-upload"">Upload File</button>"
id,"<button type=""button"" aria-label=""Log out"" class=""btn btn-danger btn-md"" id=""logout"" data-action=""logout"">Log Out</button>"
name,"<button type=""button"" aria-label=""Request demo"" class=""btn btn-success btn-lg"" name=""request-demo"" data-toggle=""modal"" data-target=""#demoModal"">Request Demo</button>"
id,"<button type=""button"" aria-label=""Print page"" class=""btn btn-info btn-sm"" id=""print-page"" data-action=""print"">Print Page</button>"
name,"<button type=""button"" aria-label=""Review"" class=""btn btn-warning btn-md"" name=""btn-review"" data-toggle=""modal"" data-target=""#reviewModal"">Review</button>"
id,"<button type=""button"" aria-label=""Download report"" class=""btn btn-secondary btn-lg"" id=""download-report"" data-url=""/reports"">Download Report</button>"
name,"<button type=""button"" aria-label=""Save for later"" class=""btn btn-primary btn-xs"" name=""save-later"" data-action=""save"">Save for Later</button>"
id,"<button type=""button"" aria-label=""Show map"" class=""btn btn-info btn-lg"" id=""show-map"" data-toggle=""modal"" data-target=""#mapModal"">Show Map</button>"
name,"<button type=""button"" aria-label=""Submit feedback"" class=""btn btn-success btn-sm"" name=""submit-feedback"" data-action=""feedback"">Submit Feedback</button>"
id,"<button type=""button"" aria-label=""Find out more"" class=""btn btn-warning btn-md"" id=""find-out-more"" data-toggle=""modal"" data-target=""#infoModal"">Find Out More</button>"
name,"<button type=""button"" aria-label=""Add to favorites"" class=""btn btn-secondary btn-lg"" name=""add-favorites"" data-action=""add"">Add to Favorites</button>"
id,"<button type=""button"" aria-label=""Cancel subscription"" class=""btn btn-danger btn-md"" id=""cancel-subscription"" data-action=""cancel"">Cancel Subscription</button>"
name,"<button type=""button"" aria-label=""Book now"" class=""btn btn-primary btn-lg"" name=""book-now"" data-toggle=""modal"" data-target=""#bookingModal"">Book Now</button>"
id,"<button type=""button"" aria-label=""Share"" class=""btn btn-info btn-md"" id=""share"" data-action=""share"">Share</button>"
name,"<button type=""button"" aria-label=""Rate us"" class=""btn btn-warning btn-xs"" name=""rate-us"" data-toggle=""modal"" data-target=""#ratingModal"">Rate Us</button>"
id,"<button type=""button"" aria-label=""Verify"" class=""btn btn-success btn-lg"" id=""verify"" data-action=""verify"">Verify</button>"
name,"<button type=""button"" aria-label=""Sign up"" class=""btn btn-primary btn-md"" name=""sign-up"" data-action=""signup"">Sign Up</button>"
id,"<button type=""button"" aria-label=""Contact support"" class=""btn btn-secondary btn-sm"" id=""contact-support"" data-toggle=""modal"" data-target=""#supportModal"">Contact Support</button>"
name,"<button type=""button"" aria-label=""Submit inquiry"" class=""btn btn-info btn-xs"" name=""submit-inquiry"" data-action=""submit"">Submit Inquiry</button>"
id,"<button type=""button"" aria-label=""Explore"" class=""btn btn-dark btn-lg"" id=""explore"" data-action=""explore"">Explore</button>"
name,"<button type=""button"" aria-label=""Add to wishlist"" class=""btn btn-success btn-md"" name=""add-wishlist"" data-action=""add"">Add to Wishlist</button>"
id,"<button type=""button"" aria-label=""Unsubscribe"" class=""btn btn-danger btn-xs"" id=""unsubscribe"" data-action=""unsubscribe"">Unsubscribe</button>"
name,"<button type=""button"" aria-label=""Confirm email"" class=""btn btn-primary btn-sm"" name=""confirm-email"" data-action=""confirm"">Confirm Email</button>"
id,"<button type=""button"" aria-label=""Start trial"" class=""btn btn-info btn-lg"" id=""start-trial"" data-action=""trial"">Start Trial</button>"
name,"<button type=""button"" aria-label=""Request support"" class=""btn btn-warning btn-md"" name=""request-support"" data-toggle=""modal"" data-target=""#supportModal"">Request Support</button>"
id,"<button type=""button"" aria-label=""Reset password"" class=""btn btn-secondary btn-sm"" id=""reset-password"" data-action=""reset"">Reset Password</button>"
name,"<button type=""button"" aria-label=""Check status"" class=""btn btn-dark btn-md"" name=""check-status"" data-action=""status"">Check Status</button>"
id,"<button type=""button"" aria-label=""Update profile"" class=""btn btn-primary btn-lg"" id=""update-profile"" data-toggle=""modal"" data-target=""#profileModal"">Update Profile</button>"
name,"<button type=""button"" aria-label=""Subscribe"" class=""btn btn-success btn-sm"" name=""subscribe"" data-action=""subscribe"">Subscribe</button>"
id,"<button type=""button"" aria-label=""Feedback"" class=""btn btn-warning btn-lg"" id=""feedback"" data-action=""feedback"">Feedback</button>"
name,"<button type=""button"" aria-label=""Learn more"" class=""btn btn-secondary btn-md"" name=""learn-more"" data-toggle=""modal"" data-target=""#infoModal"">Learn More</button>"
id,"<button type=""button"" aria-label=""Proceed"" class=""btn btn-danger btn-xs"" id=""proceed"" data-action=""proceed"">Proceed</button>"
name,"<button type=""button"" aria-label=""View cart"" class=""btn btn-info btn-lg"" name=""view-cart"" data-action=""view"">View Cart</button>"
id,"<button type=""button"" aria-label=""Close modal"" class=""btn btn-dark btn-sm"" id=""close-modal"" data-dismiss=""modal"">Close Modal</button>"
name,"<button type=""button"" aria-label=""Complete purchase"" class=""btn btn-primary btn-md"" name=""complete-purchase"" data-action=""complete"">Complete Purchase</button>"
id,"<button type=""button"" aria-label=""Get started"" class=""btn btn-success btn-lg"" id=""get-started"" data-action=""start"">Get Started</button>"
name,"<button type=""button"" aria-label=""Submit review"" class=""btn btn-warning btn-sm"" name=""submit-review"" data-toggle=""modal"" data-target=""#reviewModal"">Submit Review</button>"
id,"<html><body><button id=""submit-btn"">Submit</button></body></html>"
id,"<html><body><button id=""submit"">Submit</button></body></html>"
id,"<html><body><button id=""send-btn"">Send</button></body></html>"
id,"<html><body><button id=""login-btn"">Login</button></body></html>"
id,"<html><body><button id=""register-btn"">Register</button></body></html>"
id,"<html><body><button id=""confirm-btn"">Confirm</button></body></html>"
id,"<html><body><button id=""save-btn"">Save</button></body></html>"
id,"<html><body><button id=""cancel-btn"">Cancel</button></body></html>"
id,"<html><body><button id=""next-btn"">Next</button></body></html>"
id,"<html><body><button id=""previous-btn"">Previous</button></body></html>"
id,"<html><body><button id=""start-btn"">Start</button></body></html>"
id,"<html><body><button id=""finish-btn"">Finish</button></body></html>"
id,"<html><body><button id=""ok-btn"">OK</button></body></html>"
id,"<html><body><button id=""continue-btn"">Continue</button></body></html>"
id,"<html><body><button id=""back-btn"">Back</button></body></html>"
id,"<html><body><button id=""home-btn"">Home</button></body></html>"
id,"<html><body><button id=""logout-btn"">Logout</button></body></html>"
id,"<html><body><button id=""delete-btn"">Delete</button></body></html>"
id,"<html><body><button id=""upload-btn"">Upload</button></body></html>"
id,"<html><body><button id=""download-btn"">Download</button></body></html>"
id,"<html><body><button id=""retry-btn"">Retry</button></body></html>"
id,"<html><body><button id=""reset-btn"">Reset</button></body></html>"
id,"<html><body><button id=""submit-btn"">Submit Now</button></body></html>"
id,"<html><body><button id=""apply-btn"">Apply</button></body></html>"
id,"<html><body><button id=""search-btn"">Search</button></body></html>"
id,"<html><body><button id=""help-btn"">Help</button></body></html>"
id,"<html><body><button id=""edit-btn"">Edit</button></body></html>"
id,"<html><body><button id=""submit-btn"">Submit Form</button></body></html>"
id,"<html><body><button id=""submit-btn"">Send</button></body></html>"
id,"<html><body><button id=""submit-btn"">Proceed</button></body></html"
id,"<html><body><button id=""continue-btn"">Go</button></body></html"
id,"<html><body><button id=""start-btn"">Begin</button></body></html"
id,"<html><body><button id=""finish-btn"">Complete</button></body></html"
id,"<html><body><button id=""next-btn"">Forward</button></body></html"
id,"<html><body><button id=""previous-btn"">Backward</button></body></html>"
id,"<html><body><button id=""ok-btn"">Alright</button></body></html>"
id,"<html><body><button id=""save-btn"">Save Changes</button></body></html>"
id,"<html><body><button id=""cancel-btn"">Abort</button></body></html>"
id,"<html><body><button id=""submit-btn"">Finish</button></body></html>"
id,"<html><body><button id=""submit-btn"">Validate</button></body></html>"
id,"<html><body><button id=""approve-btn"">Approve</button></body></html>"
id,"<html><body><button id=""submit-btn"">Accept</button></body></html>"
id,"<html><body><button id=""submit-btn"">Submit Application</button></body></html>"
id,"<html><body><button id=""confirm-btn"">Confirm Submission</button></body></html>"
id,"<html><body><button id=""go-btn"">Go</button></body></html>"
id,"<html><body><button id=""join-btn"">Join</button></body></html>"
id,"<html><body><button id=""add-btn"">Add</button></body></html>"
id,"<html><body><button id=""subtract-btn"">Subtract</button></body></html>"
id,"<html><body><button id=""multiply-btn"">Multiply</button></body></html>"
id,"<html><body><button id=""divide-btn"">Divide</button></body></html>"
id,"<html><body><button id=""submit-btn"">Submit</button></body></html>"
id,"<html><body><button id=""submit-btn"">Send</button></body></html>"
id,"<html><body><button id=""submit-btn"">Login</button></body></html>"
id,"<html><body><button id=""submit-btn"">Register</button></body></html>"
id,"<html><body><button id=""submit-btn"">Confirm</button></body></html>"
id,"<html><body><button id=""submit-btn"">Save</button></body></html>"
id,"<html><body><button id=""submit-btn"">Cancel</button></body></html>"
id,"<html><body><button id=""submit-btn"">Next</button></body></html>"
id,"<html><body><button id=""submit-btn"">Previous</button></body></html>"
id,"<html><body><button id=""submit-btn"">Start</button></body></html>"
id,"<html><body><button id=""submit-btn"">Finish</button></body></html>"
id,"<html><body><button id=""submit-btn"">OK</button></body></html>"
id,"<html><body><button id=""submit-btn"">Continue</button></body></html>"
id,"<html><body><button id=""submit-btn"">Back</button></body></html>"
id,"<html><body><button id=""submit-btn"">Home</button></body></html>"
id,"<html><body><button id=""submit-btn"">Logout</button></body></html>"
id,"<html><body><button id=""submit-btn"">Delete</button></body></html>"
id,"<html><body><button id=""submit-btn"">Upload</button></body></html>"
id,"<html><body><button id=""submit-btn"">Download</button></body></html>"
id,"<html><body><button id=""submit-btn"">Retry</button></body></html>"
id,"<html><body><button id=""submit-btn"">Reset</button></body></html>"
id,"<html><body><button id=""submit-btn"">Submit Now</button></body></html>"
id,"<html><body><button id=""submit-btn"">Apply</button></body></html>"
id,"<html><body><button id=""submit-btn"">Search</button></body></html>"
id,"<html><body><button id=""submit-btn"">Help</button></body></html>"
id,"<html><body><button id=""submit-btn"">Edit</button></body></html>"
id,"<html><body><button id=""submit-btn"">Submit Form</button></body></html>"
id,"<html><body><button id=""submit-btn"">Proceed</button></body></html>"
id,"<html><body><button id=""submit-btn"">Go</button></body></html>"
id,"<html><body><button id=""submit-btn"">Begin</button></body></html>"
id,"<html><body><button id=""submit-btn"">Complete</button></body></html>"
id,"<html><body><button id=""submit-btn"">Forward</button></body></html>"
id,"<html><body><button id=""submit-btn"">Backward</button></body></html>"
id,"<html><body><button id=""submit-btn"">Alright</button></body></html>"
id,"<html><body><button id=""submit-btn"">Save Changes</button></body></html>"
id,"<html><body><button id=""submit-btn"">Abort</button></body></html>"
id,"<html><body><button id=""submit-btn"">Finish Now</button></body></html>"
id,"<html><body><button id=""submit-btn"">Validate</button></body></html>"
id,"<html><body><button id=""submit-btn"">Approve</button></body></html>"
id,"<html><body><button id=""submit-btn"">Accept</button></body></html>"
id,"<html><body><button id=""submit-btn"">Submit Application</button></body></html>"
id,"<html><body><button id=""submit-btn"">Confirm Submission</button></body></html>"
id,"<html><body><button id=""submit-btn"">Go Now</button></body></html>"
id,"<html><body><button id=""submit-btn"">Join</button></body></html>"
id,"<html><body><button id=""submit-btn"">Add</button></body></html>"
id,"<html><body><button id=""submit-btn"">Subtract</button></body></html>"
id,"<html><body><button id=""submit-btn"">Multiply</button></body></html>"
id,"<html><body><button id=""submit-btn"">Divide</button></body></html>"
id,"<html><body><button id=""submit-btn"">Agree</button></body></html>"
id,"<html><body><button id=""submit-btn"">Confirm Now</button></body></html>"
name,"<html><body><button name=""submit"">Submit</button></body></html>"
name,"<html><body><button name=""send"">Send</button></body></html>"
name,"<html><body><button name=""login"">Login</button></body></html>"
name,"<html><body><button name=""register"">Register</button></body></html>"
name,"<html><body><button name=""confirm"">Confirm</button></body></html>"
name,"<html><body><button name=""save"">Save</button></body></html>"
name,"<html><body><button name=""cancel"">Cancel</button></body></html>"
name,"<html><body><button name=""next"">Next</button></body></html>"
name,"<html><body><button name=""previous"">Previous</button></body></html>"
name,"<html><body><button name=""start"">Start</button></body></html>"
name,"<html><body><button name=""finish"">Finish</button></body></html>"
name,"<html><body><button name=""ok"">OK</button></body></html>"
name,"<html><body><button name=""continue"">Continue</button></body></html>"
name,"<html><body><button name=""back"">Back</button></body></html>"
name,"<html><body><button name=""home"">Home</button></body></html>"
name,"<html><body><button name=""logout"">Logout</button></body></html>"
name,"<html><body><button name=""delete"">Delete</button></body></html>"
name,"<html><body><button name=""upload"">Upload</button></body></html>"
name,"<html><body><button name=""download"">Download</button></body></html>"
name,"<html><body><button name=""retry"">Retry</button></body></html>"
name,"<html><body><button name=""reset"">Reset</button></body></html>"
name,"<html><body><button name=""submitNow"">Submit Now</button></body></html>"
name,"<html><body><button name=""apply"">Apply</button></body></html>"
name,"<html><body><button name=""search"">Search</button></body></html>"
name,"<html><body><button name=""help"">Help</button></body></html>"
name,"<html><body><button name=""edit"">Edit</button></body></html>"
name,"<html><body><button name=""submitForm"">Submit Form</button></body></html>"
name,"<html><body><button name=""proceed"">Proceed</button></body></html>"
name,"<html><body><button name=""go"">Go</button></body></html>"
name,"<html><body><button name=""begin"">Begin</button></body></html>"
name,"<html><body><button name=""complete"">Complete</button></body></html>"
name,"<html><body><button name=""forward"">Forward</button></body></html>"
name,"<html><body><button name=""backward"">Backward</button></body></html>"
name,"<html><body><button name=""alright"">Alright</button></body></html>"
name,"<html><body><button name=""saveChanges"">Save Changes</button></body></html>"
name,"<html><body><button name=""abort"">Abort</button></body></html>"
name,"<html><body><button name=""finishNow"">Finish Now</button></body></html>"
name,"<html><body><button name=""validate"">Validate</button></body></html>"
name,"<html><body><button name=""approve"">Approve</button></body></html>"
name,"<html><body><button name=""accept"">Accept</button></body></html>"
name,"<html><body><button name=""submitApplication"">Submit Application</button></body></html>"
name,"<html><body><button name=""confirmSubmission"">Confirm Submission</button></body></html>"
name,"<html><body><button name=""goNow"">Go Now</button></body></html>"
name,"<html><body><button name=""join"">Join</button></body></html>"
name,"<html><body><button name=""add"">Add</button></body></html>"
name,"<html><body><button name=""subtract"">Subtract</button></body></html>"
name,"<html><body><button name=""multiply"">Multiply</button></body></html>"
name,"<html><body><button name=""divide"">Divide</button></body></html>"
name,"<html><body><button name=""agree"">Agree</button></body></html>"
name,"<html><body><button name=""confirmNow"">Confirm Now</button></body></html>"
class,"<html><body><a href=""/profile"" class=""profile-link"">Profile</a></body></html>"
class,"<html><body><a href=""/home"" class=""home-link"">Home</a></body></html>"
class,"<html><body><a href=""/login"" class=""login-link"">Login</a></body></html>"
class,"<html><body><a href=""/register"" class=""register-link"">Register</a></body></html>"
class,"<html><body><a href=""/about"" class=""about-link"">About Us</a></body></html>"
class,"<html><body><a href=""/contact"" class=""contact-link"">Contact</a></body></html>"
class,"<html><body><a href=""/services"" class=""services-link"">Services</a></body></html>"
class,"<html><body><a href=""/support"" class=""support-link"">Support</a></body></html>"
class,"<html><body><a href=""/dashboard"" class=""dashboard-link"">Dashboard</a></body></html>"
class,"<html><body><a href=""/settings"" class=""settings-link"">Settings</a></body></html>"
class,"<html><body><a href=""/help"" class=""help-link"">Help</a></body></html>"
class,"<html><body><a href=""/logout"" class=""logout-link"">Logout</a></body></html>"
class,"<html><body><a href=""/terms"" class=""terms-link"">Terms of Service</a></body></html>"
class,"<html><body><a href=""/privacy"" class=""privacy-link"">Privacy Policy</a></body></html>"
class,"<html><body><a href=""/careers"" class=""careers-link"">Careers</a></body></html>"
class,"<html><body><a href=""/blog"" class=""blog-link"">Blog</a></body></html>"
class,"<html><body><a href=""/news"" class=""news-link"">News</a></body></html>"
class,"<html><body><a href=""/shop"" class=""shop-link"">Shop</a></body></html>"
class,"<html><body><a href=""/cart"" class=""cart-link"">Cart</a></body></html>"
class,"<html><body><a href=""/checkout"" class=""checkout-link"">Checkout</a></body></html>"
class,"<html><body><a href=""/faq"" class=""faq-link"">FAQ</a></body></html>"
class,"<html><body><a href=""/features"" class=""features-link"">Features</a></body></html>"
class,"<html><body><a href=""/partners"" class=""partners-link"">Partners</a></body></html>"
class,"<html><body><a href=""/testimonials"" class=""testimonials-link"">Testimonials</a></body></html>"
class,"<html><body><a href=""/portfolio"" class=""portfolio-link"">Portfolio</a></body></html>"
class,"<html><body><a href=""/downloads"" class=""downloads-link"">Downloads</a></body></html>"
class,"<html><body><a href=""/media"" class=""media-link"">Media</a></body></html>"
class,"<html><body><a href=""/events"" class=""events-link"">Events</a></body></html>"
class,"<html><body><a href=""/team"" class=""team-link"">Our Team</a></body></html>"
class,"<html><body><a href=""/pricing"" class=""pricing-link"">Pricing</a></body></html>"
class,"<html><body><a href=""/schedule"" class=""schedule-link"">Schedule</a></body></html>"
class,"<html><body><a href=""/test"" class=""test-link"">Test</a></body></html>"
class,"<html><body><a href=""/learn"" class=""learn-link"">Learn More</a></body></html>"
class,"<html><body><a href=""/subscribe"" class=""subscribe-link"">Subscribe</a></body></html>"
class,"<html><body><a href=""/updates"" class=""updates-link"">Updates</a></body></html>"
class,"<html><body><a href=""/docs"" class=""docs-link"">Documentation</a></body></html>"
class,"<html><body><a href=""/members"" class=""members-link"">Members</a></body></html>"
class,"<html><body><a href=""/gallery"" class=""gallery-link"">Gallery</a></body></html>"
class,"<html><body><a href=""/history"" class=""history-link"">History</a></body></html>"
class,"<html><body><a href=""/forum"" class=""forum-link"">Forum</a></body></html>"
class,"<html><body><a href=""/community"" class=""community-link"">Community</a></body></html>"
class,"<html><body><a href=""/downloads"" class=""downloads-link"">Downloads</a></body></html>"
class,"<html><body><a href=""/resources"" class=""resources-link"">Resources</a></body></html>"
class,"<html><body><a href=""/tutorials"" class=""tutorials-link"">Tutorials</a></body></html>"
class,"<html><body><a href=""/offers"" class=""offers-link"">Special Offers</a></body></html>"
class,"<html><body><a href=""/deals"" class=""deals-link"">Deals</a></body></html>"
class,"<html><body><a href=""/wishlist"" class=""wishlist-link"">Wishlist</a></body></html>"
class,"<html><body><a href=""/reviews"" class=""reviews-link"">Reviews</a></body></html>"
class,"<html><body><a href=""/updates"" class=""updates-link"">Product Updates</a></body></html>"
class,"<html><body><a href=""/apps"" class=""apps-link"">Apps</a></body></html>"
id,"<html><body><a href=""#"" class=""link-action"" id=""action-link"">Do Action</a></body></html>"
id,"<html><body><a href=""#"" class=""link-submit"" id=""submit-link"">Submit</a></body></html>"
id,"<html><body><a href=""#"" class=""link-cancel"" id=""cancel-link"">Cancel</a></body></html>"
id,"<html><body><a href=""#"" class=""link-login"" id=""login-link"">Login</a></body></html>"
id,"<html><body><a href=""#"" class=""link-register"" id=""register-link"">Register</a></body></html>"
id,"<html><body><a href=""#"" class=""link-edit"" id=""edit-link"">Edit</a></body></html>"
id,"<html><body><a href=""#"" class=""link-delete"" id=""delete-link"">Delete</a></body></html>"
id,"<html><body><a href=""#"" class=""link-save"" id=""save-link"">Save</a></body></html>"
id,"<html><body><a href=""#"" class=""link-update"" id=""update-link"">Update</a></body></html>"
id,"<html><body><a href=""#"" class=""link-retry"" id=""retry-link"">Retry</a></body></html>"
id,"<html><body><a href=""#"" class=""link-load"" id=""load-link"">Load More</a></body></html>"
id,"<html><body><a href=""#"" class=""link-download"" id=""download-link"">Download</a></body></html>"
id,"<html><body><a href=""#"" class=""link-upload"" id=""upload-link"">Upload</a></body></html>"
id,"<html><body><a href=""#"" class=""link-logout"" id=""logout-link"">Logout</a></body></html>"
id,"<html><body><a href=""#"" class=""link-apply"" id=""apply-link"">Apply</a></body></html>"
id,"<html><body><a href=""#"" class=""link-accept"" id=""accept-link"">Accept</a></body></html>"
id,"<html><body><a href=""#"" class=""link-decline"" id=""decline-link"">Decline</a></body></html>"
id,"<html><body><a href=""#"" class=""link-approve"" id=""approve-link"">Approve</a></body></html>"
id,"<html><body><a href=""#"" class=""link-confirm"" id=""confirm-link"">Confirm</a></body></html>"
id,"<html><body><a href=""#"" class=""link-reset"" id=""reset-link"">Reset</a></body></html>"
id,"<html><body><a href=""#"" class=""link-refresh"" id=""refresh-link"">Refresh</a></body></html>"
id,"<html><body><a href=""#"" class=""link-back"" id=""back-link"">Back</a></body></html>"
id,"<html><body><a href=""#"" class=""link-forward"" id=""forward-link"">Forward</a></body></html>"
id,"<html><body><a href=""#"" class=""link-continue"" id=""continue-link"">Continue</a></body></html>"
id,"<html><body><a href=""#"" class=""link-proceed"" id=""proceed-link"">Proceed</a></body></html>"
id,"<html><body><a href=""#"" class=""link-skip"" id=""skip-link"">Skip</a></body></html>"
id,"<html><body><a href=""#"" class=""link-home"" id=""home-link"">Go Home</a></body></html>"
id,"<html><body><a href=""#"" class=""link-next"" id=""next-link"">Next</a></body></html>"
id,"<html><body><a href=""#"" class=""link-previous"" id=""previous-link"">Previous</a></body></html>"
id,"<html><body><a href=""#"" class=""link-finish"" id=""finish-link"">Finish</a></body></html>"
id,"<html><body><a href=""#"" class=""link-start"" id=""start-link"">Start</a></body></html>"
id,"<html><body><a href=""#"" class=""link-complete"" id=""complete-link"">Complete</a></body></html>"
id,"<html><body><a href=""#"" class=""link-cancel"" id=""stop-link"">Stop</a></body></html>"
id,"<html><body><a href=""#"" class=""link-yes"" id=""yes-link"">Yes</a></body></html>"
id,"<html><body><a href=""#"" class=""link-no"" id=""no-link"">No</a></body></html>"
id,"<html><body><a href=""#"" class=""link-try"" id=""try-link"">Try Again</a></body></html>"
id,"<html><body><a href=""#"" class=""link-exit"" id=""exit-link"">Exit</a></body></html>"
id,"<html><body><a href=""#"" class=""link-leave"" id=""leave-link"">Leave</a></body></html>"
id,"<html><body><a href=""#"" class=""link-join"" id=""join-link"">Join</a></body></html>"
id,"<html><body><a href=""#"" class=""link-invite"" id=""invite-link"">Invite</a></body></html>"
id,"<html><body><a href=""#"" class=""link-share"" id=""share-link"">Share</a></body></html>"
id,"<html><body><a href=""#"" class=""link-comment"" id=""comment-link"">Comment</a></body></html>"
id,"<html><body><a href=""#"" class=""link-like"" id=""like-link"">Like</a></body></html>"
id,"<html><body><a href=""#"" class=""link-dislike"" id=""dislike-link"">Dislike</a></body></html>"
id,"<html><body><a href=""#"" class=""link-report"" id=""report-link"">Report</a></body></html>"
id,"<html><body><a href=""#"" class=""link-block"" id=""block-link"">Block</a></body></html>"
id,"<html><body><a href=""#"" class=""link-unblock"" id=""unblock-link"">Unblock</a></body></html>"
id,"<html><body><a href=""#"" class=""link-subscribe"" id=""subscribe-link"">Subscribe</a></body></html>"
id,"<html><body><a href=""#"" class=""link-unsubscribe"" id=""unsubscribe-link"">Unsubscribe</a></body></html>"
id,"<html><body><a href=""#"" class=""link-print"" id=""print-link"">Print</a></body></html>"
id,"<html><body><button class=""reset-btn"" id=""reset"">Reset</button></body></html>"
id,"<html><body><button class=""submit-btn"" id=""submit"">Submit</button></body></html>"
id,"<html><body><button class=""cancel-btn"" id=""cancel"">Cancel</button></body></html>"
id,"<html><body><button class=""save-btn"" id=""save"">Save</button></body></html>"
id,"<html><body><button class=""edit-btn"" id=""edit"">Edit</button></body></html>"
id,"<html><body><button class=""delete-btn"" id=""delete"">Delete</button></body></html>"
id,"<html><body><button class=""update-btn"" id=""update"">Update</button></body></html>"
id,"<html><body><button class=""login-btn"" id=""login"">Login</button></body></html>"
id,"<html><body><button class=""register-btn"" id=""register"">Register</button></body></html>"
id,"<html><body><button class=""confirm-btn"" id=""confirm"">Confirm</button></body></html>"
id,"<html><body><button class=""start-btn"" id=""start"">Start</button></body></html>"
id,"<html><body><button class=""finish-btn"" id=""finish"">Finish</button></body></html>"
id,"<html><body><button class=""continue-btn"" id=""continue"">Continue</button></body></html>"
id,"<html><body><button class=""back-btn"" id=""back"">Back</button></body></html>"
id,"<html><body><button class=""next-btn"" id=""next"">Next</button></body></html>"
id,"<html><body><button class=""previous-btn"" id=""previous"">Previous</button></body></html>"
id,"<html><body><button class=""approve-btn"" id=""approve"">Approve</button></body></html>"
id,"<html><body><button class=""reject-btn"" id=""reject"">Reject</button></body></html>"
id,"<html><body><button class=""upload-btn"" id=""upload"">Upload</button></body></html>"
id,"<html><body><button class=""download-btn"" id=""download"">Download</button></body></html>"
id,"<html><body><button class=""retry-btn"" id=""retry"">Retry</button></body></html>"
id,"<html><body><button class=""apply-btn"" id=""apply"">Apply</button></body></html>"
id,"<html><body><button class=""abort-btn"" id=""abort"">Abort</button></body></html>"
id,"<html><body><button class=""submit-now-btn"" id=""submitNow"">Submit Now</button></body></html>"
id,"<html><body><button class=""go-btn"" id=""go"">Go</button></body></html>"
id,"<html><body><button class=""exit-btn"" id=""exit"">Exit</button></body></html>"
id,"<html><body><button class=""print-btn"" id=""print"">Print</button></body></html>"
id,"<html><body><button class=""validate-btn"" id=""validate"">Validate</button></body></html>"
id,"<html><body><button class=""confirm-now-btn"" id=""confirmNow"">Confirm Now</button></body></html>"
id,"<html><body><button class=""refresh-btn"" id=""refresh"">Refresh</button></body></html>"
id,"<html><body><button class=""submit-form-btn"" id=""submitForm"">Submit Form</button></body></html>"
id,"<html><body><button class=""cancel-order-btn"" id=""cancelOrder"">Cancel Order</button></body></html>"
id,"<html><body><button class=""checkout-btn"" id=""checkout"">Checkout</button></body></html>"
id,"<html><body><button class=""like-btn"" id=""like"">Like</button></body></html>"
id,"<html><body><button class=""dislike-btn"" id=""dislike"">Dislike</button></body></html>"
id,"<html><body><button class=""share-btn"" id=""share"">Share</button></body></html>"
id,"<html><body><button class=""bookmark-btn"" id=""bookmark"">Bookmark</button></body></html>"
id,"<html><body><button class=""follow-btn"" id=""follow"">Follow</button></body></html>"
id,"<html><body><button class=""unfollow-btn"" id=""unfollow"">Unfollow</button></body></html>"
id,"<html><body><button class=""subscribe-btn"" id=""subscribe"">Subscribe</button></body></html>"
id,"<html><body><button class=""unsubscribe-btn"" id=""unsubscribe"">Unsubscribe</button></body></html>"
id,"<html><body><button class=""yes-btn"" id=""yes"">Yes</button></body></html>"
id,"<html><body><button class=""no-btn"" id=""no"">No</button></body></html>"
id,"<html><body><button class=""submit-application-btn"" id=""submitApplication"">Submit Application</button></body></html>"
id,"<html><body><button class=""join-btn"" id=""join"">Join</button></body></html>"
id,"<html><body><button class=""leave-btn"" id=""leave"">Leave</button></body></html>"
id,"<html><body><button class=""invite-btn"" id=""invite"">Invite</button></body></html>"
id,"<html><body><button class=""confirm-submission-btn"" id=""confirmSubmission"">Confirm Submission</button></body></html>"
id,"<html><body><button class=""try-again-btn"" id=""tryAgain"">Try Again</button></body></html>"
id,"<html><body><button class=""complete-btn"" id=""complete"">Complete</button></body></html>"
id,"<html><body><div class=""header""><button id=""help-btn"">Help</button></div></body></html>"
id,"<html><body><div class=""header""><button id=""support-btn"">Support</button></div></body></html>"
id,"<html><body><div class=""header""><button id=""contact-btn"">Contact Us</button></div></body></html>"
id,"<html><body><div class=""header""><button id=""info-btn"">Info</button></div></body></html>"
id,"<html><body><div class=""header""><button id=""home-btn"">Home</button></div></body></html>"
id,"<html><body><div class=""header""><button id=""settings-btn"">Settings</button></div></body></html>"
id,"<html><body><div class=""header""><button id=""about-btn"">About</button></div></body></html>"
id,"<html><body><div class=""header""><button id=""faq-btn"">FAQ</button></div></body></html>"
id,"<html><body><div class=""header""><button id=""profile-btn"">Profile</button></div></body></html>"
id,"<html><body><div class=""header""><button id=""search-btn"">Search</button></div></body></html>"
id,"<html><body><div class=""header""><button id=""logout-btn"">Logout</button></div></body></html>"
id,"<html><body><div class=""header""><button id=""login-btn"">Login</button></div></body></html>"
id,"<html><body><div class=""header""><button id=""register-btn"">Register</button></div></body></html>"
id,"<html><body><div class=""header""><button id=""dashboard-btn"">Dashboard</button></div></body></html>"
id,"<html><body><div class=""header""><button id=""account-btn"">My Account</button></div></body></html>"
id,"<html><body><div class=""header""><button id=""subscribe-btn"">Subscribe</button></div></body></html>"
id,"<html><body><div class=""header""><button id=""unsubscribe-btn"">Unsubscribe</button></div></body></html>"
id,"<html><body><div class=""header""><button id=""notifications-btn"">Notifications</button></div></body></html>"
id,"<html><body><div class=""header""><button id=""updates-btn"">Updates</button></div></body></html>"
id,"<html><body><div class=""header""><button id=""tools-btn"">Tools</button></div></body></html>"
id,"<html><body><div class=""header""><button id=""feedback-btn"">Feedback</button></div></body></html>"
id,"<html><body><div class=""header""><button id=""new-btn"">New</button></div></body></html>"
id,"<html><body><div class=""header""><button id=""events-btn"">Events</button></div></body></html>"
id,"<html><body><div class=""header""><button id=""team-btn"">Our Team</button></div></body></html>"
id,"<html><body><div class=""header""><button id=""services-btn"">Services</button></div></body></html>"
id,"<html><body><div class=""header""><button id=""privacy-btn"">Privacy Policy</button></div></body></html>"
id,"<html><body><div class=""header""><button id=""terms-btn"">Terms of Service</button></div></body></html>"
id,"<html><body><div class=""header""><button id=""blog-btn"">Blog</button></div></body></html>"
id,"<html><body><div class=""header""><button id=""news-btn"">News</button></div></body></html>"
id,"<html><body><div class=""header""><button id=""media-btn"">Media</button></div></body></html>"
id,"<html><body><div class=""header""><button id=""portfolio-btn"">Portfolio</button></div></body></html>"
id,"<html><body><div class=""header""><button id=""careers-btn"">Careers</button></div></body></html>"
id,"<html><body><div class=""header""><button id=""partners-btn"">Partners</button></div></body></html>"
id,"<html><body><div class=""header""><button id=""features-btn"">Features</button></div></body></html>"
id,"<html><body><div class=""header""><button id=""downloads-btn"">Downloads</button></div></body></html>"
id,"<html><body><div class=""header""><button id=""community-btn"">Community</button></div></body></html>"
id,"<html><body><div class=""header""><button id=""forum-btn"">Forum</button></div></body></html>"
id,"<html><body><div class=""header""><button id=""gallery-btn"">Gallery</button></div></body></html>"
id,"<html><body><div class=""header""><button id=""history-btn"">History</button></div></body></html>"
id,"<html><body><div class=""header""><button id=""reviews-btn"">Reviews</button></div></body></html>"
id,"<html><body><div class=""header""><button id=""offers-btn"">Offers</button></div></body></html>"
id,"<html><body><div class=""header""><button id=""deals-btn"">Deals</button></div></body></html>"
id,"<html><body><div class=""header""><button id=""wishlist-btn"">Wishlist</button></div></body></html>"
id,"<html><body><div class=""header""><button id=""testimonials-btn"">Testimonials</button></div></body></html>"
id,"<html><body><div class=""header""><button id=""resources-btn"">Resources</button></div></body></html>"
id,"<html><body><div class=""header""><button id=""tutorials-btn"">Tutorials</button></div></body></html>"
id,"<html><body><div class=""header""><button id=""schedule-btn"">Schedule</button></div></body></html>"
id,"<html><body><div class=""header""><button id=""members-btn"">Members</button></div></body></html>"
id,"<html><body><div class=""header""><button id=""contact-info-btn"">Contact Info</button></div></body></html>"
id,"<html><body><div class=""header""><button id=""learn-more-btn"">Learn More</button></div></body></html>"
name,"<html><body><div><button name=""start"">Start</button></div></body></html>"
name,"<html><body><div><button name=""submit"">Submit</button></div></body></html>"
name,"<html><body><div><button name=""cancel"">Cancel</button></div></body></html>"
name,"<html><body><div><button name=""save"">Save</button></div></body></html>"
name,"<html><body><div><button name=""edit"">Edit</button></div></body></html>"
name,"<html><body><div><button name=""delete"">Delete</button></div></body></html>"
name,"<html><body><div><button name=""update"">Update</button></div></body></html>"
name,"<html><body><div><button name=""login"">Login</button></div></body></html>"
name,"<html><body><div><button name=""register"">Register</button></div></body></html>"
name,"<html><body><div><button name=""confirm"">Confirm</button></div></body></html>"
name,"<html><body><div><button name=""finish"">Finish</button></div></body></html>"
name,"<html><body><div><button name=""continue"">Continue</button></div></body></html>"
name,"<html><body><div><button name=""back"">Back</button></div></body></html>"
name,"<html><body><div><button name=""next"">Next</button></div></body></html>"
name,"<html><body><div><button name=""previous"">Previous</button></div></body></html>"
name,"<html><body><div><button name=""approve"">Approve</button></div></body></html>"
name,"<html><body><div><button name=""reject"">Reject</button></div></body></html>"
name,"<html><body><div><button name=""upload"">Upload</button></div></body></html>"
name,"<html><body><div><button name=""download"">Download</button></div></body></html>"
name,"<html><body><div><button name=""retry"">Retry</button></div></body></html>"
name,"<html><body><div><button name=""apply"">Apply</button></div></body></html>"
name,"<html><body><div><button name=""abort"">Abort</button></div></body></html>"
name,"<html><body><div><button name=""go"">Go</button></div></body></html>"
name,"<html><body><div><button name=""exit"">Exit</button></div></body></html>"
name,"<html><body><div><button name=""print"">Print</button></div></body></html>"
name,"<html><body><div><button name=""validate"">Validate</button></div></body></html>"
name,"<html><body><div><button name=""refresh"">Refresh</button></div></body></html>"
name,"<html><body><div><button name=""submitForm"">Submit Form</button></div></body></html>"
name,"<html><body><div><button name=""cancelOrder"">Cancel Order</button></div></body></html>"
name,"<html><body><div><button name=""checkout"">Checkout</button></div></body></html>"
name,"<html><body><div><button name=""like"">Like</button></div></body></html>"
name,"<html><body><div><button name=""dislike"">Dislike</button></div></body></html>"
name,"<html><body><div><button name=""share"">Share</button></div></body></html>"
name,"<html><body><div><button name=""bookmark"">Bookmark</button></div></body></html>"
name,"<html><body><div><button name=""follow"">Follow</button></div></body></html>"
name,"<html><body><div><button name=""unfollow"">Unfollow</button></div></body></html>"
name,"<html><body><div><button name=""subscribe"">Subscribe</button></div></body></html>"
name,"<html><body><div><button name=""unsubscribe"">Unsubscribe</button></div></body></html>"
name,"<html><body><div><button name=""yes"">Yes</button></div></body></html>"
name,"<html><body><div><button name=""no"">No</button></div></body></html>"
name,"<html><body><div><button name=""submitApplication"">Submit Application</button></div></body></html>"
name,"<html><body><div><button name=""join"">Join</button></div></body></html>"
name,"<html><body><div><button name=""leave"">Leave</button></div></body></html>"
name,"<html><body><div><button name=""invite"">Invite</button></div></body></html>"
name,"<html><body><div><button name=""confirmSubmission"">Confirm Submission</button></div></body></html>"
name,"<html><body><div><button name=""tryAgain"">Try Again</button></div></body></html>"
name,"<html><body><div><button name=""complete"">Complete</button></div></body></html>"
name,"<html><body><div><button name=""startNow"">Start Now</button></div></body></html>"
name,"<html><body><div><button name=""begin"">Begin</button></div></body></html>"
name,"<html><body><div><button name=""restart"">Restart</button></div></body></html>"
name,"<html><body><div><button name=""proceed"" class=""proceed-btn"">Proceed</button></div></body></html>"
name,"<html><body><div><button name=""start"" class=""start-btn"">Start</button></div></body></html>"
name,"<html><body><div><button name=""submit"" class=""submit-btn"">Submit</button></div></body></html>"
name,"<html><body><div><button name=""cancel"" class=""cancel-btn"">Cancel</button></div></body></html>"
name,"<html><body><div><button name=""save"" class=""save-btn"">Save</button></div></body></html>"
name,"<html><body><div><button name=""edit"" class=""edit-btn"">Edit</button></div></body></html>"
name,"<html><body><div><button name=""delete"" class=""delete-btn"">Delete</button></div></body></html>"
name,"<html><body><div><button name=""update"" class=""update-btn"">Update</button></div></body></html>"
name,"<html><body><div><button name=""login"" class=""login-btn"">Login</button></div></body></html>"
name,"<html><body><div><button name=""register"" class=""register-btn"">Register</button></div></body></html>"
name,"<html><body><div><button name=""confirm"" class=""confirm-btn"">Confirm</button></div></body></html>"
name,"<html><body><div><button name=""finish"" class=""finish-btn"">Finish</button></div></body></html>"
name,"<html><body><div><button name=""continue"" class=""continue-btn"">Continue</button></div></body></html>"
name,"<html><body><div><button name=""back"" class=""back-btn"">Back</button></div></body></html>"
name,"<html><body><div><button name=""next"" class=""next-btn"">Next</button></div></body></html>"
name,"<html><body><div><button name=""previous"" class=""previous-btn"">Previous</button></div></body></html>"
name,"<html><body><div><button name=""approve"" class=""approve-btn"">Approve</button></div></body></html>"
name,"<html><body><div><button name=""reject"" class=""reject-btn"">Reject</button></div></body></html>"
name,"<html><body><div><button name=""upload"" class=""upload-btn"">Upload</button></div></body></html>"
name,"<html><body><div><button name=""download"" class=""download-btn"">Download</button></div></body></html>"
name,"<html><body><div><button name=""retry"" class=""retry-btn"">Retry</button></div></body></html>"
name,"<html><body><div><button name=""apply"" class=""apply-btn"">Apply</button></div></body></html>"
name,"<html><body><div><button name=""abort"" class=""abort-btn"">Abort</button></div></body></html>"
name,"<html><body><div><button name=""go"" class=""go-btn"">Go</button></div></body></html>"
name,"<html><body><div><button name=""exit"" class=""exit-btn"">Exit</button></div></body></html>"
name,"<html><body><div><button name=""print"" class=""print-btn"">Print</button></div></body></html>"
name,"<html><body><div><button name=""validate"" class=""validate-btn"">Validate</button></div></body></html>"
name,"<html><body><div><button name=""refresh"" class=""refresh-btn"">Refresh</button></div></body></html>"
name,"<html><body><div><button name=""submitForm"" class=""submit-form-btn"">Submit Form</button></div></body></html>"
name,"<html><body><div><button name=""cancelOrder"" class=""cancel-order-btn"">Cancel Order</button></div></body></html>"
name,"<html><body><div><button name=""checkout"" class=""checkout-btn"">Checkout</button></div></body></html>"
name,"<html><body><div><button name=""like"" class=""like-btn"">Like</button></div></body></html>"
name,"<html><body><div><button name=""dislike"" class=""dislike-btn"">Dislike</button></div></body></html>"
name,"<html><body><div><button name=""share"" class=""share-btn"">Share</button></div></body></html>"
name,"<html><body><div><button name=""bookmark"" class=""bookmark-btn"">Bookmark</button></div></body></html>"
name,"<html><body><div><button name=""follow"" class=""follow-btn"">Follow</button></div></body></html>"
name,"<html><body><div><button name=""unfollow"" class=""unfollow-btn"">Unfollow</button></div></body></html>"
name,"<html><body><div><button name=""subscribe"" class=""subscribe-btn"">Subscribe</button></div></body></html>"
name,"<html><body><div><button name=""unsubscribe"" class=""unsubscribe-btn"">Unsubscribe</button></div></body></html>"
name,"<html><body><div><button name=""yes"" class=""yes-btn"">Yes</button></div></body></html>"
name,"<html><body><div><button name=""no"" class=""no-btn"">No</button></div></body></html>"
name,"<html><body><div><button name=""submitApplication"" class=""submit-application-btn"">Submit Application</button></div></body></html>"
name,"<html><body><div><button name=""join"" class=""join-btn"">Join</button></div></body></html>"
name,"<html><body><div><button name=""leave"" class=""leave-btn"">Leave</button></div></body></html>"
name,"<html><body><div><button name=""invite"" class=""invite-btn"">Invite</button></div></body></html>"
name,"<html><body><div><button name=""confirmSubmission"" class=""confirm-submission-btn"">Confirm Submission</button></div></body></html>"
name,"<html><body><div><button name=""tryAgain"" class=""try-again-btn"">Try Again</button></div></body></html>"
name,"<html><body><div><button name=""complete"" class=""complete-btn"">Complete</button></div></body></html>"
name,"<html><body><div><button name=""startNow"" class=""start-now-btn"">Start Now</button></div></body></html>"
name,"<html><body><div><button name=""restart"" class=""restart-btn"">Restart</button></div></body></html>"
id,"<html><body><div class=""section""><button id=""continue-btn"" class=""btn-continue"">Continue</button></div></body></html>"
id,"<html><body><div class=""section""><button id=""start-btn"" class=""btn-start"">Start</button></div></body></html>"
id,"<html><body><div class=""section""><button id=""submit-btn"" class=""btn-submit"">Submit</button></div></body></html>"
id,"<html><body><div class=""section""><button id=""cancel-btn"" class=""btn-cancel"">Cancel</button></div></body></html>"
id,"<html><body><div class=""section""><button id=""save-btn"" class=""btn-save"">Save</button></div></body></html>"
id,"<html><body><div class=""section""><button id=""edit-btn"" class=""btn-edit"">Edit</button></div></body></html>"
id,"<html><body><div class=""section""><button id=""delete-btn"" class=""btn-delete"">Delete</button></div></body></html>"
id,"<html><body><div class=""section""><button id=""update-btn"" class=""btn-update"">Update</button></div></body></html>"
id,"<html><body><div class=""section""><button id=""login-btn"" class=""btn-login"">Login</button></div></body></html>"
id,"<html><body><div class=""section""><button id=""register-btn"" class=""btn-register"">Register</button></div></body></html>"
id,"<html><body><div class=""section""><button id=""confirm-btn"" class=""btn-confirm"">Confirm</button></div></body></html>"
id,"<html><body><div class=""section""><button id=""finish-btn"" class=""btn-finish"">Finish</button></div></body></html>"
id,"<html><body><div class=""section""><button id=""back-btn"" class=""btn-back"">Back</button></div></body></html>"
id,"<html><body><div class=""section""><button id=""next-btn"" class=""btn-next"">Next</button></div></body></html>"
id,"<html><body><div class=""section""><button id=""previous-btn"" class=""btn-previous"">Previous</button></div></body></html>"
id,"<html><body><div class=""section""><button id=""approve-btn"" class=""btn-approve"">Approve</button></div></body></html>"
id,"<html><body><div class=""section""><button id=""reject-btn"" class=""btn-reject"">Reject</button></div></body></html>"
id,"<html><body><div class=""section""><button id=""upload-btn"" class=""btn-upload"">Upload</button></div></body></html>"
id,"<html><body><div class=""section""><button id=""download-btn"" class=""btn-download"">Download</button></div></body></html>"
id,"<html><body><div class=""section""><button id=""retry-btn"" class=""btn-retry"">Retry</button></div></body></html>"
id,"<html><body><div class=""section""><button id=""apply-btn"" class=""btn-apply"">Apply</button></div></body></html>"
id,"<html><body><div class=""section""><button id=""abort-btn"" class=""btn-abort"">Abort</button></div></body></html>"
id,"<html><body><div class=""section""><button id=""go-btn"" class=""btn-go"">Go</button></div></body></html>"
id,"<html><body><div class=""section""><button id=""exit-btn"" class=""btn-exit"">Exit</button></div></body></html>"
id,"<html><body><div class=""section""><button id=""print-btn"" class=""btn-print"">Print</button></div></body></html>"
id,"<html><body><div class=""section""><button id=""validate-btn"" class=""btn-validate"">Validate</button></div></body></html>"
id,"<html><body><div class=""section""><button id=""refresh-btn"" class=""btn-refresh"">Refresh</button></div></body></html>"
id,"<html><body><div class=""section""><button id=""submit-form-btn"" class=""btn-submit-form"">Submit Form</button></div></body></html>"
id,"<html><body><div class=""section""><button id=""cancel-order-btn"" class=""btn-cancel-order"">Cancel Order</button></div></body></html>"
id,"<html><body><div class=""section""><button id=""checkout-btn"" class=""btn-checkout"">Checkout</button></div></body></html>"
id,"<html><body><div class=""section""><button id=""like-btn"" class=""btn-like"">Like</button></div></body></html>"
id,"<html><body><div class=""section""><button id=""dislike-btn"" class=""btn-dislike"">Dislike</button></div></body></html>"
id,"<html><body><div class=""section""><button id=""share-btn"" class=""btn-share"">Share</button></div></body></html>"
id,"<html><body><div class=""section""><button id=""bookmark-btn"" class=""btn-bookmark"">Bookmark</button></div></body></html>"
id,"<html><body><div class=""section""><button id=""follow-btn"" class=""btn-follow"">Follow</button></div></body></html>"
id,"<html><body><div class=""section""><button id=""unfollow-btn"" class=""btn-unfollow"">Unfollow</button></div></body></html>"
id,"<html><body><div class=""section""><button id=""subscribe-btn"" class=""btn-subscribe"">Subscribe</button></div></body></html>"
id,"<html><body><div class=""section""><button id=""unsubscribe-btn"" class=""btn-unsubscribe"">Unsubscribe</button></div></body></html>"
id,"<html><body><div class=""section""><button id=""yes-btn"" class=""btn-yes"">Yes</button></div></body></html>"
id,"<html><body><div class=""section""><button id=""no-btn"" class=""btn-no"">No</button></div></body></html>"
id,"<html><body><div class=""section""><button id=""submit-application-btn"" class=""btn-submit-application"">Submit Application</button></div></body></html>"
id,"<html><body><div class=""section""><button id=""join-btn"" class=""btn-join"">Join</button></div></body></html>"
id,"<html><body><div class=""section""><button id=""leave-btn"" class=""btn-leave"">Leave</button></div></body></html>"
id,"<html><body><div class=""section""><button id=""invite-btn"" class=""btn-invite"">Invite</button></div></body></html>"
id,"<html><body><div class=""section""><button id=""confirm-submission-btn"" class=""btn-confirm-submission"">Confirm Submission</button></div></body></html>"
id,"<html><body><div class=""section""><button id=""try-again-btn"" class=""btn-try-again"">Try Again</button></div></body></html>"
id,"<html><body><div class=""section""><button id=""complete-btn"" class=""btn-complete"">Complete</button></div></body></html>"
id,"<html><body><div class=""section""><button id=""start-now-btn"" class=""btn-start-now"">Start Now</button></div></body></html>"
id,"<html><body><div class=""section""><button id=""restart-btn"" class=""btn-restart"">Restart</button></div></body></html>"
id,"<html><body><div class=""section""><button id=""finalize-btn"" class=""btn-finalize"">Finalize</button></div></body></html>"
class,"<button class=""footer__wrapper--currency-select"">Select Currency</button>"
class,"<button type=""button"" class=""close-dialog-window"" data-dismiss=""modal"" aria-label=""Close""><span aria-hidden=""true"">×</span></button>"
class,"<button type=""button"" class=""navbar-toggle collapsed"" data-toggle=""collapse"" data-target=""#main-nav"" aria-expanded=""false""><span class=""sr-only"">Toggle Navigation</span></button>"
class,"<button class=""close-modal-btn"" aria-label=""Close Modal""><span class=""icon-close""></span></button>"
class,"<button type=""button"" class=""btn btn-primary"" data-toggle=""dropdown"" aria-expanded=""false"">Menu</button>"
class,"<button class=""footer__link--settings"">Settings</button>"
class,"<button type=""button"" class=""close-notification"" aria-label=""Dismiss Notification""><span aria-hidden=""true"">✕</span></button>"
class,"<button type=""button"" class=""navbar-item"" data-toggle=""modal"" data-target=""#loginModal"">Log In</button>"
class,"<button class=""header__control--search"">Search</button>"
class,"<button type=""button"" class=""btn btn-secondary"" onclick=""openForm()"">Open Form</button>"
class,"<button class=""sidebar__toggle"" aria-label=""Expand Sidebar""><span class=""icon-menu""></span></button>"
class,"<button type=""button"" class=""btn btn-info"" data-toggle=""tooltip"" title=""More Info"">Info</button>"
class,"<button class=""footer__action--subscribe"" aria-label=""Subscribe to newsletter"">Subscribe</button>"
class,"<button type=""button"" class=""alert-close"" data-dismiss=""alert"" aria-label=""Close Alert""><span aria-hidden=""true"">×</span></button>"
class,"<button type=""button"" class=""navbar-link"" data-toggle=""collapse"" data-target=""#userMenu"">Profile</button>"
class,"<button class=""modal__submit--apply"" type=""submit"">Apply</button>"
class,"<button type=""button"" class=""btn btn-danger"" onclick=""deleteItem()"">Delete</button>"
class,"<button class=""header__btn--logout"" onclick=""logout()"">Log Out</button>"
class,"<button type=""button"" class=""btn btn-success"" data-action=""save"">Save Changes</button>"
class,"<button class=""banner__btn--learn-more"">Learn More</button>"
class,"<button type=""button"" class=""close-window"" aria-label=""Close Window""><span aria-hidden=""true"">×</span></button>"
class,"<button type=""button"" class=""navbar-toggler"" data-toggle=""offcanvas"">Toggle</button>"
class,"<button class=""control-panel__btn--reset"" type=""reset"">Reset</button>"
class,"<button type=""button"" class=""btn btn-light"" data-toggle=""collapse"" data-target=""#filters"">Filters</button>"
class,"<button class=""footer__btn--contact-us"">Contact Us</button>"
class,"<button type=""button"" class=""document-close"" aria-label=""Close Document""><span aria-hidden=""true"">×</span></button>"
class,"<button type=""button"" class=""navbar-cta"" onclick=""startTrial()"">Start Free Trial</button>"
class,"<button class=""header__link--cart"">View Cart</button>"
class,"<button type=""button"" class=""btn btn-warning"" data-confirm=""confirmExit()"">Exit</button>"
class,"<button class=""sidebar__action--add-new"">Add New</button>"
class,"<button type=""button"" class=""popup-close"" data-dismiss=""popup"" aria-label=""Close Popup""><span aria-hidden=""true"">×</span></button>"
class,"<button type=""button"" class=""navbar-end"" onclick=""endSession()"">End Session</button>"
class,"<button class=""modal__button--cancel"" type=""button"">Cancel</button>"
class,"<button type=""button"" class=""btn btn-outline-primary"" onclick=""loadMore()"">Load More</button>"
class,"<button class=""footer__link--privacy-policy"">Privacy Policy</button>"
class,"<button type=""button"" class=""document-save"" aria-label=""Save Document"">Save</button>"
class,"<button type=""button"" class=""navbar-login"" data-toggle=""modal"" data-target=""#loginForm"">Log In</button>"
class,"<button class=""header__toggle--notifications"">Notifications</button>"
class,"<button type=""button"" class=""btn btn-dark"" onclick=""darkModeToggle()"">Dark Mode</button>"
class,"<button class=""sidebar__link--settings"">Settings</button>"
class,"<button type=""button"" class=""popup-open"" aria-label=""Open Popup"">Open</button>"
class,"<button type=""button"" class=""navbar-logout"" onclick=""logoutUser()"">Log Out</button>"
class,"<button class=""modal__confirm--delete"" type=""button"">Delete</button>"
class,"<button type=""button"" class=""btn btn-outline-secondary"" onclick=""refreshPage()"">Refresh</button>"
class,"<button class=""footer__action--terms"">Terms of Service</button>"
class,"<button type=""button"" class=""document-edit"" aria-label=""Edit Document"">Edit</button>"
class,"<button type=""button"" class=""navbar-register"" data-toggle=""modal"" data-target=""#registerForm"">Register</button>"
class,"<button class=""header__link--profile"">Profile</button>"
class,"<button type=""button"" class=""btn btn-primary"" onclick=""submitForm()"">Submit</button>"
class,"<button class=""sidebar__toggle--collapse"">Collapse</button>"
class,"<button type=""button"" class=""menu-toggle collapsed"" data-toggle=""collapse"" data-target=""#menu-nav"" aria-expanded=""false""><span class=""sr-only"">Toggle Menu</span><span class=""icon-bar""></span><span class=""icon-bar""></span><span class=""icon-bar""></span></button>"
class,"<button type=""button"" class=""sidebar-toggle collapsed"" data-toggle=""collapse"" data-target=""#sidebar-nav"" aria-expanded=""false""><span class=""sr-only"">Toggle Sidebar</span><span class=""icon-bar""></span><span class=""icon-bar""></span><span class=""icon-bar""></span></button>"
class,"<button type=""button"" class=""navbar-toggle collapsed"" data-toggle=""collapse"" data-target=""#navbar-menu"" aria-expanded=""false""><span class=""sr-only"">Toggle Navbar</span><span class=""icon-bar""></span><span class=""icon-bar""></span><span class=""icon-bar""></span></button>"
class,"<button type=""button"" class=""menu-btn collapsed"" data-toggle=""collapse"" data-target=""#main-menu"" aria-expanded=""false""><span class=""sr-only"">Toggle Main Menu</span><span class=""icon-bar""></span><span class=""icon-bar""></span><span class=""icon-bar""></span></button>"
class,"<button type=""button"" class=""toggle-btn collapsed"" data-toggle=""collapse"" data-target=""#footer-menu"" aria-expanded=""false""><span class=""sr-only"">Toggle Footer Menu</span><span class=""icon-bar""></span><span class=""icon-bar""></span><span class=""icon-bar""></span></button>"
class,"<button type=""button"" class=""menu-toggle expanded"" data-toggle=""collapse"" data-target=""#header-nav"" aria-expanded=""true""><span class=""sr-only"">Expand Menu</span><span class=""icon-bar""></span><span class=""icon-bar""></span><span class=""icon-bar""></span></button>"
class,"<button type=""button"" class=""toggle-control collapsed"" data-toggle=""collapse"" data-target=""#menu-collapse"" aria-expanded=""false""><span class=""sr-only"">Control Menu</span><span class=""icon-bar""></span><span class=""icon-bar""></span><span class=""icon-bar""></span></button>"
class,"<button type=""button"" class=""nav-toggle collapsed"" data-toggle=""collapse"" data-target=""#nav-items"" aria-expanded=""false""><span class=""sr-only"">Toggle Navigation</span><span class=""icon-bar""></span><span class=""icon-bar""></span><span class=""icon-bar""></span></button>"
class,"<button type=""button"" class=""dropdown-toggle collapsed"" data-toggle=""collapse"" data-target=""#dropdown-menu"" aria-expanded=""false""><span class=""sr-only"">Toggle Dropdown</span><span class=""icon-bar""></span><span class=""icon-bar""></span><span class=""icon-bar""></span></button>"
class,"<button type=""button"" class=""menu-toggle collapsed"" data-toggle=""collapse"" data-target=""#sidebar-items"" aria-expanded=""false""><span class=""sr-only"">Toggle Sidebar Items</span><span class=""icon-bar""></span><span class=""icon-bar""></span><span class=""icon-bar""></span></button>"
class,"<button type=""button"" class=""panel-toggle collapsed"" data-toggle=""collapse"" data-target=""#panel-nav"" aria-expanded=""false""><span class=""sr-only"">Toggle Panel</span><span class=""icon-bar""></span><span class=""icon-bar""></span><span class=""icon-bar""></span></button>"
class,"<button type=""button"" class=""menu-toggle collapsed"" data-toggle=""collapse"" data-target=""#mobile-nav"" aria-expanded=""false""><span class=""sr-only"">Toggle Mobile Menu</span><span class=""icon-bar""></span><span class=""icon-bar""></span><span class=""icon-bar""></span></button>"
class,"<button type=""button"" class=""toggle-btn expanded"" data-toggle=""collapse"" data-target=""#menu-content"" aria-expanded=""true""><span class=""sr-only"">Expand Menu</span><span class=""icon-bar""></span><span class=""icon-bar""></span><span class=""icon-bar""></span></button>"
class,"<button type=""button"" class=""nav-btn collapsed"" data-toggle=""collapse"" data-target=""#nav-collapse"" aria-expanded=""false""><span class=""sr-only"">Collapse Navigation</span><span class=""icon-bar""></span><span class=""icon-bar""></span><span class=""icon-bar""></span></button>"
class,"<button type=""button"" class=""header-toggle collapsed"" data-toggle=""collapse"" data-target=""#header-menu"" aria-expanded=""false""><span class=""sr-only"">Toggle Header Menu</span><span class=""icon-bar""></span><span class=""icon-bar""></span><span class=""icon-bar""></span></button>"
class,"<button type=""button"" class=""menu-toggle collapsed"" data-toggle=""collapse"" data-target=""#top-menu"" aria-expanded=""false""><span class=""sr-only"">Toggle Top Menu</span><span class=""icon-bar""></span><span class=""icon-bar""></span><span class=""icon-bar""></span></button>"
class,"<button type=""button"" class=""toggle-btn collapsed"" data-toggle=""collapse"" data-target=""#nav-bar"" aria-expanded=""false""><span class=""sr-only"">Toggle Nav Bar</span><span class=""icon-bar""></span><span class=""icon-bar""></span><span class=""icon-bar""></span></button>"
class,"<button type=""button"" class=""menu-toggle collapsed"" data-toggle=""collapse"" data-target=""#nav-main"" aria-expanded=""false""><span class=""sr-only"">Toggle Main Navigation</span><span class=""icon-bar""></span><span class=""icon-bar""></span><span class=""icon-bar""></span></button>"
class,"<button type=""button"" class=""menu-toggle collapsed"" data-toggle=""collapse"" data-target=""#action-menu"" aria-expanded=""false""><span class=""sr-only"">Toggle Actions Menu</span><span class=""icon-bar""></span><span class=""icon-bar""></span><span class=""icon-bar""></span></button>"
class,"<button type=""button"" class=""menu-toggle collapsed"" data-toggle=""collapse"" data-target=""#profile-menu"" aria-expanded=""false""><span class=""sr-only"">Toggle Profile Menu</span><span class=""icon-bar""></span><span class=""icon-bar""></span><span class=""icon-bar""></span></button>"
class,"<button type=""button"" class=""collapse-toggle collapsed"" data-toggle=""collapse"" data-target=""#user-nav"" aria-expanded=""false""><span class=""sr-only"">Toggle User Navigation</span><span class=""icon-bar""></span><span class=""icon-bar""></span><span class=""icon-bar""></span></button>"
class,"<button type=""button"" class=""menu-toggle collapsed"" data-toggle=""collapse"" data-target=""#menu-bar"" aria-expanded=""false""><span class=""sr-only"">Toggle Menu Bar</span><span class=""icon-bar""></span><span class=""icon-bar""></span><span class=""icon-bar""></span></button>"
class,"<button type=""button"" class=""toggle-control collapsed"" data-toggle=""collapse"" data-target=""#settings-menu"" aria-expanded=""false""><span class=""sr-only"">Toggle Settings Menu</span><span class=""icon-bar""></span><span class=""icon-bar""></span><span class=""icon-bar""></span></button>"
class,"<button type=""button"" class=""menu-toggle collapsed"" data-toggle=""collapse"" data-target=""#content-menu"" aria-expanded=""false""><span class=""sr-only"">Toggle Content Menu</span><span class=""icon-bar""></span><span class=""icon-bar""></span><span class=""icon-bar""></span></button>"
class,"<button type=""button"" class=""toggle-btn collapsed"" data-toggle=""collapse"" data-target=""#nav-section"" aria-expanded=""false""><span class=""sr-only"">Toggle Section Navigation</span><span class=""icon-bar""></span><span class=""icon-bar""></span><span class=""icon-bar""></span></button>"
class,"<button type=""button"" class=""menu-toggle collapsed"" data-toggle=""collapse"" data-target=""#menu-list"" aria-expanded=""false""><span class=""sr-only"">Toggle Menu List</span><span class=""icon-bar""></span><span class=""icon-bar""></span><span class=""icon-bar""></span></button>"
class,"<button type=""button"" class=""toggle-control collapsed"" data-toggle=""collapse"" data-target=""#links-menu"" aria-expanded=""false""><span class=""sr-only"">Toggle Links Menu</span><span class=""icon-bar""></span><span class=""icon-bar""></span><span class=""icon-bar""></span></button>"
class,"<button type=""button"" class=""menu-toggle collapsed"" data-toggle=""collapse"" data-target=""#responsive-nav"" aria-expanded=""false""><span class=""sr-only"">Toggle Responsive Navigation</span><span class=""icon-bar""></span><span class=""icon-bar""></span><span class=""icon-bar""></span></button>"
class,"<button type=""button"" class=""panel-toggle collapsed"" data-toggle=""collapse"" data-target=""#action-bar"" aria-expanded=""false""><span class=""sr-only"">Toggle Action Bar</span><span class=""icon-bar""></span><span class=""icon-bar""></span><span class=""icon-bar""></span></button>"
class,"<button type=""button"" class=""toggle-btn collapsed"" data-toggle=""collapse"" data-target=""#options-menu"" aria-expanded=""false""><span class=""sr-only"">Toggle Options</span><span class=""icon-bar""></span><span class=""icon-bar""></span><span class=""icon-bar""></span></button>"
class,"<button type=""button"" class=""menu-toggle collapsed"" data-toggle=""collapse"" data-target=""#search-menu"" aria-expanded=""false""><span class=""sr-only"">Toggle Search Menu</span><span class=""icon-bar""></span><span class=""icon-bar""></span><span class=""icon-bar""></span></button>"
class,"<button type=""button"" class=""menu-toggle collapsed"" data-toggle=""collapse"" data-target=""#mobile-nav-menu"" aria-expanded=""false""><span class=""sr-only"">Toggle Mobile Navigation</span><span class=""icon-bar""></span><span class=""icon-bar""></span><span class=""icon-bar""></span></button>"
class,"<button type=""button"" class=""toggle-control collapsed"" data-toggle=""collapse"" data-target=""#page-nav"" aria-expanded=""false""><span class=""sr-only"">Toggle Page Navigation</span><span class=""icon-bar""></span><span class=""icon-bar""></span><span class=""icon-bar""></span></button>"
class,"<button type=""button"" class=""menu-toggle collapsed"" data-toggle=""collapse"" data-target=""#dashboard-menu"" aria-expanded=""false""><span class=""sr-only"">Toggle Dashboard</span><span class=""icon-bar""></span><span class=""icon-bar""></span><span class=""icon-bar""></span></button>"
class,"<button type=""button"" class=""menu-toggle collapsed"" data-toggle=""collapse"" data-target=""#nav-footer"" aria-expanded=""false""><span class=""sr-only"">Toggle Footer Navigation</span><span class=""icon-bar""></span><span class=""icon-bar""></span><span class=""icon-bar""></span></button>"
class,"<button type=""button"" class=""sidebar-toggle collapsed"" data-toggle=""collapse"" data-target=""#nav-sidebar"" aria-expanded=""false""><span class=""sr-only"">Toggle Sidebar Navigation</span><span class=""icon-bar""></span><span class=""icon-bar""></span><span class=""icon-bar""></span></button>"
class,"<button type=""button"" class=""toggle-btn collapsed"" data-toggle=""collapse"" data-target=""#action-menu-bar"" aria-expanded=""false""><span class=""sr-only"">Toggle Action Menu</span><span class=""icon-bar""></span><span class=""icon-bar""></span><span class=""icon-bar""></span></button>"
class,"<button type=""button"" class=""menu-toggle collapsed"" data-toggle=""collapse"" data-target=""#action-items"" aria-expanded=""false""><span class=""sr-only"">Toggle Actions</span><span class=""icon-bar""></span><span class=""icon-bar""></span><span class=""icon-bar""></span></button>"
class,"<button type=""button"" class=""menu-toggle collapsed"" data-toggle=""collapse"" data-target=""#menu-categories"" aria-expanded=""false""><span class=""sr-only"">Toggle Categories Menu</span><span class=""icon-bar""></span><span class=""icon-bar""></span><span class=""icon-bar""></span></button>"
class,"<button type=""button"" class=""menu-toggle collapsed"" data-toggle=""collapse"" data-target=""#secondary-nav"" aria-expanded=""false""><span class=""sr-only"">Toggle Secondary Menu</span><span class=""icon-bar""></span><span class=""icon-bar""></span><span class=""icon-bar""></span></button>"
class,"<button type=""button"" class=""toggle-btn collapsed"" data-toggle=""collapse"" data-target=""#main-nav-bar"" aria-expanded=""false""><span class=""sr-only"">Toggle Main Navigation Bar</span><span class=""icon-bar""></span><span class=""icon-bar""></span><span class=""icon-bar""></span></button>"
class,"<button type=""button"" class=""menu-toggle collapsed"" data-toggle=""collapse"" data-target=""#collapse-menu"" aria-expanded=""false""><span class=""sr-only"">Toggle Collapse Menu</span><span class=""icon-bar""></span><span class=""icon-bar""></span><span class=""icon-bar""></span></button>"
class,"<button type=""button"" class=""menu-toggle collapsed"" data-toggle=""collapse"" data-target=""#tab-nav"" aria-expanded=""false""><span class=""sr-only"">Toggle Tab Navigation</span><span class=""icon-bar""></span><span class=""icon-bar""></span><span class=""icon-bar""></span></button>"
class,"<button type=""button"" class=""menu-toggle collapsed"" data-toggle=""collapse"" data-target=""#tool-menu"" aria-expanded=""false""><span class=""sr-only"">Toggle Tool Menu</span><span class=""icon-bar""></span><span class=""icon-bar""></span><span class=""icon-bar""></span></button>"
class,"<button type=""button"" class=""menu-toggle collapsed"" data-toggle=""collapse"" data-target=""#menu-toolbar"" aria-expanded=""false""><span class=""sr-only"">Toggle Toolbar Menu</span><span class=""icon-bar""></span><span class=""icon-bar""></span><span class=""icon-bar""></span></button>"
class,"<button type=""button"" class=""menu-toggle collapsed"" data-toggle=""collapse"" data-target=""#nav-control"" aria-expanded=""false""><span class=""sr-only"">Toggle Nav Control</span><span class=""icon-bar""></span><span class=""icon-bar""></span><span class=""icon-bar""></span></button>"
class,"<button type=""button"" class=""toggle-control collapsed"" data-toggle=""collapse"" data-target=""#menu-actions"" aria-expanded=""false""><span class=""sr-only"">Toggle Actions</span><span class=""icon-bar""></span><span class=""icon-bar""></span><span class=""icon-bar""></span></button>"
class,"<button type=""button"" class=""menu-toggle collapsed"" data-toggle=""collapse"" data-target=""#section-nav"" aria-expanded=""false""><span class=""sr-only"">Toggle Section Navigation</span><span class=""icon-bar""></span><span class=""icon-bar""></span><span class=""icon-bar""></span></button>"
class,"<button type=""button"" class=""menu-toggle collapsed"" data-toggle=""collapse"" data-target=""#global-nav"" aria-expanded=""false""><span class=""sr-only"">Toggle Global Navigation</span><span class=""icon-bar""></span><span class=""icon-bar""></span><span class=""icon-bar""></span></button>"
class,"<button type=""button"" class=""menu-toggle collapsed"" data-toggle=""collapse"" data-target=""#nav-toggle"" aria-expanded=""false""><span class=""sr-only"">Toggle Navigation</span><span class=""icon-bar""></span><span class=""icon-bar""></span><span class=""icon-bar""></span></button>"
class,"<button type=""button"" class=""close-dialog-btn"" data-dismiss=""modal"" aria-label=""Close Window"">
       <span aria-hidden=""true"">×</span>
   </button>"
class,"<button type=""button"" class=""close-btn"" data-dismiss=""modal"" aria-label=""Close Modal"">
       <span aria-hidden=""true"">×</span>
   </button>"
class,"<button type=""button"" class=""dialog-close-btn"" data-dismiss=""modal"" aria-label=""Close Dialog"">
       <span aria-hidden=""true"">×</span>
   </button>"
class,"<button type=""button"" class=""modal-close-btn"" data-dismiss=""modal"" aria-label=""Close"">
       <span aria-hidden=""true"">×</span>
   </button>"
class,"<button type=""button"" class=""close-window-btn"" data-dismiss=""modal"" aria-label=""Close Window"">
       <span aria-hidden=""true"">×</span>
   </button>"
class,"<button type=""button"" class=""close-popup-btn"" data-dismiss=""modal"" aria-label=""Close Popup"">
       <span aria-hidden=""true"">×</span>
   </button>"
class,"<button type=""button"" class=""close-overlay-btn"" data-dismiss=""modal"" aria-label=""Close Overlay"">
       <span aria-hidden=""true"">×</span>
   </button>"
class,"<button type=""button"" class=""exit-modal-btn"" data-dismiss=""modal"" aria-label=""Exit Modal"">
       <span aria-hidden=""true"">×</span>
   </button>"
class,"<button type=""button"" class=""dismiss-btn"" data-dismiss=""modal"" aria-label=""Dismiss"">
       <span aria-hidden=""true"">×</span>
   </button>"
class,"<button type=""button"" class=""close-pane-btn"" data-dismiss=""modal"" aria-label=""Close Pane"">
       <span aria-hidden=""true"">×</span>
   </button>"
class,"<button type=""button"" class=""close-lightbox-btn"" data-dismiss=""modal"" aria-label=""Close Lightbox"">
       <span aria-hidden=""true"">×</span>
   </button>"
class,"<button type=""button"" class=""close-screen-btn"" data-dismiss=""modal"" aria-label=""Close Screen"">
       <span aria-hidden=""true"">×</span>
   </button>"
class,"<button type=""button"" class=""close-panel-btn"" data-dismiss=""modal"" aria-label=""Close Panel"">
       <span aria-hidden=""true"">×</span>
   </button>"
class,"<button type=""button"" class=""close-form-btn"" data-dismiss=""modal"" aria-label=""Close Form"">
       <span aria-hidden=""true"">×</span>
   </button>"
class,"<button type=""button"" class=""close-alert-btn"" data-dismiss=""modal"" aria-label=""Close Alert"">
       <span aria-hidden=""true"">×</span>
   </button>"
class,"<button type=""button"" class=""close-message-btn"" data-dismiss=""modal"" aria-label=""Close Message"">
       <span aria-hidden=""true"">×</span>
   </button>"
class,"<button type=""button"" class=""cancel-btn"" data-dismiss=""modal"" aria-label=""Cancel"">
       <span aria-hidden=""true"">×</span>
   </button>"
class,"<button type=""button"" class=""modal-exit-btn"" data-dismiss=""modal"" aria-label=""Exit Modal"">
       <span aria-hidden=""true"">×</span>
   </button>"
class,"<button type=""button"" class=""close-widget-btn"" data-dismiss=""modal"" aria-label=""Close Widget"">
       <span aria-hidden=""true"">×</span>
   </button>"
class,"<button type=""button"" class=""close-tab-btn"" data-dismiss=""modal"" aria-label=""Close Tab"">
       <span aria-hidden=""true"">×</span>
   </button>"
class,"<button type=""button"" class=""close-dialogue-btn"" data-dismiss=""modal"" aria-label=""Close Dialogue"">
       <span aria-hidden=""true"">×</span>
   </button>"
class,"<button type=""button"" class=""close-frame-btn"" data-dismiss=""modal"" aria-label=""Close Frame"">
       <span aria-hidden=""true"">×</span>
   </button>"
class,"<button type=""button"" class=""close-popup-window-btn"" data-dismiss=""modal"" aria-label=""Close Popup Window"">
       <span aria-hidden=""true"">×</span>
   </button>"
class,"<button type=""button"" class=""exit-window-btn"" data-dismiss=""modal"" aria-label=""Exit Window"">
       <span aria-hidden=""true"">×</span>
   </button>"
class,"<button type=""button"" class=""close-layer-btn"" data-dismiss=""modal"" aria-label=""Close Layer"">
       <span aria-hidden=""true"">×</span>
   </button>"
class,"<button type=""button"" class=""close-content-btn"" data-dismiss=""modal"" aria-label=""Close Content"">
       <span aria-hidden=""true"">×</span>
   </button>"
class,"<button type=""button"" class=""close-overlay-window-btn"" data-dismiss=""modal"" aria-label=""Close Overlay Window"">
       <span aria-hidden=""true"">×</span>
   </button>"
class,"<button type=""button"" class=""close-sidebar-btn"" data-dismiss=""modal"" aria-label=""Close Sidebar"">
       <span aria-hidden=""true"">×</span>
   </button>"
class,"<button type=""button"" class=""close-popup-dialog-btn"" data-dismiss=""modal"" aria-label=""Close Popup Dialog"">
       <span aria-hidden=""true"">×</span>
   </button>"
class,"<button type=""button"" class=""dismiss-window-btn"" data-dismiss=""modal"" aria-label=""Dismiss Window"">
       <span aria-hidden=""true"">×</span>
   </button>"
class,"<button type=""button"" class=""exit-frame-btn"" data-dismiss=""modal"" aria-label=""Exit Frame"">
       <span aria-hidden=""true"">×</span>
   </button>"
class,"<button type=""button"" class=""close-overlay-pane-btn"" data-dismiss=""modal"" aria-label=""Close Overlay Pane"">
       <span aria-hidden=""true"">×</span>
   </button>"
class,"<button type=""button"" class=""close-popup-pane-btn"" data-dismiss=""modal"" aria-label=""Close Popup Pane"">
       <span aria-hidden=""true"">×</span>
   </button>"
class,"<button type=""button"" class=""close-banner-btn"" data-dismiss=""modal"" aria-label=""Close Banner"">
       <span aria-hidden=""true"">×</span>
   </button>"
class,"<button type=""button"" class=""exit-dialog-btn"" data-dismiss=""modal"" aria-label=""Exit Dialog"">
       <span aria-hidden=""true"">×</span>
   </button>"
class,"<button type=""button"" class=""close-window-action-btn"" data-dismiss=""modal"" aria-label=""Close Window Action"">
       <span aria-hidden=""true"">×</span>
   </button>"
class,"<button type=""button"" class=""close-notification-btn"" data-dismiss=""modal"" aria-label=""Close Notification"">
       <span aria-hidden=""true"">×</span>
   </button>"
class,"<button type=""button"" class=""close-info-btn"" data-dismiss=""modal"" aria-label=""Close Info"">
       <span aria-hidden=""true"">×</span>
   </button>"
class,"<button type=""button"" class=""close-action-btn"" data-dismiss=""modal"" aria-label=""Close Action"">
       <span aria-hidden=""true"">×</span>
   </button>"
class,"<button type=""button"" class=""close-page-btn"" data-dismiss=""modal"" aria-label=""Close Page"">
       <span aria-hidden=""true"">×</span>
   </button>"
class,"<button type=""button"" class=""close-warning-btn"" data-dismiss=""modal"" aria-label=""Close Warning"">
       <span aria-hidden=""true"">×</span>
   </button>"
class,"<button type=""button"" class=""modal-exit-action-btn"" data-dismiss=""modal"" aria-label=""Exit Modal Action"">
       <span aria-hidden=""true"">×</span>
   </button>"
class,"<button type=""button"" class=""dialog-exit-btn"" data-dismiss=""modal"" aria-label=""Exit Dialog"">
       <span aria-hidden=""true"">×</span>
   </button>"
class,"<button type=""button"" class=""popup-exit-btn"" data-dismiss=""modal"" aria-label=""Exit Popup"">
       <span aria-hidden=""true"">×</span>
   </button>"
class,"<button type=""button"" class=""dismiss-dialog-btn"" data-dismiss=""modal"" aria-label=""Dismiss Dialog"">
       <span aria-hidden=""true"">×</span>
   </button>"
class,"<button type=""button"" class=""close-alert-window-btn"" data-dismiss=""modal"" aria-label=""Close Alert Window"">
       <span aria-hidden=""true"">×</span>
   </button>"
class,"<button type=""button"" class=""close-screen-action-btn"" data-dismiss=""modal"" aria-label=""Close Screen Action"">
       <span aria-hidden=""true"">×</span>
   </button>"
class,"<button type=""button"" class=""close-dialogue-window-btn"" data-dismiss=""modal"" aria-label=""Close Dialogue Window"">
       <span aria-hidden=""true"">×</span>
   </button>"
class,"<button type=""button"" class=""close-modal-btn"" data-dismiss=""modal"" aria-label=""Close Modal"">
       <span aria-hidden=""true"">×</span>
   </button>"
class,"<button type=""button"" class=""close-action-window-btn"" data-dismiss=""modal"" aria-label=""Close Action Window"">
       <span aria-hidden=""true"">×</span>
   </button>"
class,"<button class=""sidebar-toggle"" aria-label=""Open Sidebar""><span class=""sidebar-icon""></span></button>"
class,"<button class=""nav-toggle"" aria-label=""Open Navigation""><span class=""nav-icon""></span></button>"
class,"<button class=""menu-toggle"" aria-label=""Open Menu""><span class=""menu-icon""></span></button>"
class,"<button class=""drawer-toggle"" aria-label=""Open Drawer""><span class=""drawer-icon""></span></button>"
class,"<button class=""footer-toggle"" aria-label=""Open Footer""><span class=""footer-icon""></span></button>"
class,"<button class=""header-toggle"" aria-label=""Open Header""><span class=""header-icon""></span></button>"
class,"<button class=""action-toggle"" aria-label=""Open Actions""><span class=""action-icon""></span></button>"
class,"<button class=""panel-toggle"" aria-label=""Open Panel""><span class=""panel-icon""></span></button>"
class,"<button class=""toolbar-toggle"" aria-label=""Open Toolbar""><span class=""toolbar-icon""></span></button>"
class,"<button class=""dashboard-toggle"" aria-label=""Open Dashboard""><span class=""dashboard-icon""></span></button>"
class,"<button class=""collapse-toggle"" aria-label=""Collapse Menu""><span class=""collapse-icon""></span></button>"
class,"<button class=""expand-toggle"" aria-label=""Expand Menu""><span class=""expand-icon""></span></button>"
class,"<button class=""notifications-toggle"" aria-label=""Open Notifications""><span class=""notifications-icon""></span></button>"
class,"<button class=""search-toggle"" aria-label=""Open Search""><span class=""search-icon""></span></button>"
class,"<button class=""settings-toggle"" aria-label=""Open Settings""><span class=""settings-icon""></span></button>"
class,"<button class=""profile-toggle"" aria-label=""Open Profile""><span class=""profile-icon""></span></button>"
class,"<button class=""filter-toggle"" aria-label=""Open Filter""><span class=""filter-icon""></span></button>"
class,"<button class=""info-toggle"" aria-label=""Open Info Panel""><span class=""info-icon""></span></button>"
class,"<button class=""help-toggle"" aria-label=""Open Help""><span class=""help-icon""></span></button>"
class,"<button class=""message-toggle"" aria-label=""Open Messages""><span class=""message-icon""></span></button>"
class,"<button class=""chat-toggle"" aria-label=""Open Chat""><span class=""chat-icon""></span></button>"
class,"<button class=""feedback-toggle"" aria-label=""Open Feedback""><span class=""feedback-icon""></span></button>"
class,"<button class=""theme-toggle"" aria-label=""Toggle Theme""><span class=""theme-icon""></span></button>"
class,"<button class=""map-toggle"" aria-label=""Open Map""><span class=""map-icon""></span></button>"
class,"<button class=""gallery-toggle"" aria-label=""Open Gallery""><span class=""gallery-icon""></span></button>"
class,"<button class=""calendar-toggle"" aria-label=""Open Calendar""><span class=""calendar-icon""></span></button>"
class,"<button class=""content-toggle"" aria-label=""Open Content""><span class=""content-icon""></span></button>"
class,"<button class=""cart-toggle"" aria-label=""Open Cart""><span class=""cart-icon""></span></button>"
class,"<button class=""order-toggle"" aria-label=""Open Orders""><span class=""order-icon""></span></button>"
class,"<button class=""user-toggle"" aria-label=""Open User Menu""><span class=""user-icon""></span></button>"
class,"<button class=""notification-toggle"" aria-label=""Open Notification Panel""><span class=""notification-icon""></span></button>"
class,"<button class=""summary-toggle"" aria-label=""View Summary""><span class=""summary-icon""></span></button>"
class,"<button class=""record-toggle"" aria-label=""Open Record""><span class=""record-icon""></span></button>"
class,"<button class=""control-toggle"" aria-label=""Open Controls""><span class=""control-icon""></span></button>"
class,"<button class=""monitor-toggle"" aria-label=""Open Monitor""><span class=""monitor-icon""></span></button>"
class,"<button class=""archive-toggle"" aria-label=""Open Archive""><span class=""archive-icon""></span></button>"
class,"<button class=""list-toggle"" aria-label=""Open List""><span class=""list-icon""></span></button>"
class,"<button class=""grid-toggle"" aria-label=""Open Grid View""><span class=""grid-icon""></span></button>"
class,"<button class=""zoom-toggle"" aria-label=""Zoom In""><span class=""zoom-icon""></span></button>"
class,"<button class=""fullscreen-toggle"" aria-label=""Enter Fullscreen""><span class=""fullscreen-icon""></span></button>"
class,"<button class=""exit-toggle"" aria-label=""Exit""><span class=""exit-icon""></span></button>"
class,"<button class=""restart-toggle"" aria-label=""Restart""><span class=""restart-icon""></span></button>"
class,"<button class=""shutdown-toggle"" aria-label=""Shut Down""><span class=""shutdown-icon""></span></button>"
class,"<button class=""playlist-toggle"" aria-label=""Open Playlist""><span class=""playlist-icon""></span></button>"
class,"<button class=""play-toggle"" aria-label=""Play""><span class=""play-icon""></span></button>"
class,"<button class=""pause-toggle"" aria-label=""Pause""><span class=""pause-icon""></span></button>"
class,"<button class=""volume-toggle"" aria-label=""Adjust Volume""><span class=""volume-icon""></span></button>"
class,"<button class=""mute-toggle"" aria-label=""Mute""><span class=""mute-icon""></span></button>"
class,"<button class=""record-toggle"" aria-label=""Start Recording""><span class=""record-icon""></span></button>"
class,"<button class=""power-toggle"" aria-label=""Power On""><span class=""power-icon""></span></button>"
class,"<button aria-label=""Close sidebar"" class=""button-icon""><span class=""icon""><svg xmlns=""http://www.w3.org/2000/svg"" viewBox=""0 0 24 24""><path d=""M12,2 L2,22 L22,22 Z""/></svg></span>Close</button>"
class,"<button aria-label=""Expand menu"" class=""menu-toggle""><svg viewBox=""0 0 24 24""><path fill=""none"" d=""M3,6h18M3,12h18M3,18h18""/></svg>Menu</button>"
class,"<button aria-label=""Play video"" class=""play-btn large""><svg viewBox=""0 0 24 24""><path d=""M8 5v14l11-7z""/></svg>Play</button>"
class,"<button aria-label=""Refresh page"" class=""refresh-button""><svg viewBox=""0 0 24 24""><path d=""M17.65 6.35A8 8 0 104.6 19.4""/></svg>Refresh</button>"
class,"<button aria-label=""Add to cart"" class=""add-to-cart""><svg viewBox=""0 0 24 24""><path d=""M6 6h15l-1.5 9h-12z""/></svg>Add</button>"
class,"<button aria-label=""Submit form"" class=""submit-button primary""><svg viewBox=""0 0 24 24""><path d=""M2 21l21-9L2 3v7l15 2-15 2v7z""/></svg>Submit</button>"
class,"<button aria-label=""Delete item"" class=""delete-item warning""><svg viewBox=""0 0 24 24""><path d=""M5 6h14M5 6l1-2h12l1 2M5 6v13c0 1.1.9 2 2 2h10c1.1 0 2-.9 2-2V6""/></svg>Delete</button>"
class,"<button aria-label=""Settings"" class=""settings-btn""><svg viewBox=""0 0 24 24""><path d=""M12 15.5a3.5 3.5 0 100-7 3.5 3.5 0 000 7zm-1-10v-.5a2 2 0 114 0v.5""/></svg>Settings</button>"
class,"<button aria-label=""Log out"" class=""logout-button""><svg viewBox=""0 0 24 24""><path d=""M16 13v-2h-6V8l-4 4 4 4v-3z""/></svg>Logout</button>"
class,"<button aria-label=""Save changes"" class=""save-button""><svg viewBox=""0 0 24 24""><path d=""M12 2v10h10V2H2v20h10v-8""/></svg>Save</button>"
class,"<button aria-label=""Open dialog"" class=""dialog-open""><svg viewBox=""0 0 24 24""><path d=""M20 2H4v20l4-4h12V2z""/></svg>Open</button>"
class,"<button aria-label=""Search"" class=""search-button""><svg viewBox=""0 0 24 24""><path d=""M15.5 14h-.79l-.28-.27A6.471 6.471 0 0016 9.5 6.5 6.5 0 109.5 16c1.61 0 3.09-.59 4.23-1.57l.27.28v.79l5 4.99L20.49 19l-4.99-5zm-6 0C7.01 14 5 11.99 5 9.5S7.01 5 9.5 5 14 7.01 14 9.5 11.99 14 9.5 14z""/></svg>Search</button>"
class,"<button aria-label=""Next page"" class=""next-page""><svg viewBox=""0 0 24 24""><path d=""M9 6l6 6-6 6V6z""/></svg>Next</button>"
class,"<button aria-label=""Upload file"" class=""upload-btn""><svg viewBox=""0 0 24 24""><path d=""M5 20h14v-8h2v10H3V12h2z""/><path d=""M13 8V3H6v5H2l10 10 10-10h-6z""/></svg>Upload</button>"
class,"<button aria-label=""Zoom in"" class=""zoom-in""><svg viewBox=""0 0 24 24""><path d=""M15.5 14h-.79l-.28-.27A6.471 6.471 0 0016 9.5 6.5 6.5 0 109.5 16c1.61 0 3.09-.59 4.23-1.57l.27.28v.79l5 4.99L20.49 19l-4.99-5zm-6 0C7.01 14 5 11.99 5 9.5S7.01 5 9.5 5S14 7.01 14 9.5 11.99 14 9.5 14z""/></svg>Zoom</button>"
class,"<button aria-label=""Adjust settings"" class=""adjust-settings""><svg viewBox=""0 0 24 24""><path d=""M19.43 12.98l1.94-1.66-1.5-2.59-2.25.96a7.925 7.925 0 00-1.49-1.7l-.3-2.5h-3l-.3 2.5a7.925 7.925 0 00-1.49 1.7l-2.25-.96-1.5 2.59 1.94 1.66a8.033 8.033 0 000 2.04l-1.94 1.66 1.5 2.59 2.25-.96c.45.64.96 1.18 1.49 1.7l.3 2.5h3l.3-2.5c.53-.52 1.04-1.06 1.49-1.7l2.25.96 1.5-2.59-1.94-1.66a8.033 8.033 0 000-2.04z""/></svg>Adjust</button>"
class,"<button aria-label=""Close"" class=""close-button""><svg viewBox=""0 0 24 24""><path d=""M19 6.41L17.59 5 12 10.59 6.41 5 5 6.41 10.59 12 5 17.59 6.41 19 12 13.41 17.59 19 19 17.59 13.41 12z""/></svg>Close</button>"
class,"<button aria-label=""Decrease volume"" class=""volume-decrease""><svg viewBox=""0 0 24 24""><path d=""M3 9v6h4l5 5V4L7 9H3zm16.5 3c0-1.77-.73-3.37-1.9-4.6l-1.6 1.6c.89.89 1.5 2.07 1.5 3.5s-.61 2.61-1.5 3.5l1.6 1.6c1.17-1.23 1.9-2.83 1.9-4.6z""/></svg>Volume -</button>"
class,"<button aria-label=""Eject"" class=""eject-btn""><svg viewBox=""0 0 24 24""><path d=""M12 8L6 18h12z""/><rect x=""8"" y=""18"" width=""8"" height=""2""/></svg>Eject</button>"
class,"<button aria-label=""Full screen"" class=""full-screen""><svg viewBox=""0 0 24 24""><path d=""M7 14H5v5h5v-2H7z M5 10h2V7h3V5H5zm12 9h-3v2h5v-5h-2zm3-9V5h-5v2h3v3z""/></svg>Full</button>"
class,"<button aria-label=""Mute"" class=""mute-button""><svg viewBox=""0 0 24 24""><path d=""M7 9v6h4l5 5V4l-5 5H7z M16.5 12c0-1.77-.73-3.37-1.9-4.6l-1.6 1.6c.89.89 1.5 2.07 1.5 3.5s-.61 2.61-1.5 3.5l1.6 1.6c1.17-1.23 1.9-2.83 1.9-4.6z""/></svg>Mute</button>"
class,"<button aria-label=""Pause"" class=""pause-btn""><svg viewBox=""0 0 24 24""><path d=""M6 19h4V5H6zm8-14v14h4V5z""/></svg>Pause</button>"
class,"<button aria-label=""Record"" class=""record-button""><svg viewBox=""0 0 24 24""><circle cx=""12"" cy=""12"" r=""8""/></svg>Record</button>"
class,"<button aria-label=""Stop"" class=""stop-btn""><svg viewBox=""0 0 24 24""><rect x=""6"" y=""6"" width=""12"" height=""12""/></svg>Stop</button>"
class,"<button aria-label=""Fast forward"" class=""fast-forward""><svg viewBox=""0 0 24 24""><path d=""M4 18l8.5-6L4 6zm9 12l8.5-6L13 6z""/></svg>FF</button>"
class,"<button aria-label=""Lock screen"" class=""lock-screen""><svg viewBox=""0 0 24 24""><path d=""M12 2C9.79 2 8 3.79 8 6v2H6c-1.1 0-2 .9-2 2v10c0 1.1.9 2 2 2h12c1.1 0 2-.9 2-2V10c0-1.1-.9-2-2-2h-2V6c0-2.21-1.79-4-4-4zm0 4c1.1 0 2 .9 2 2v2H10V8c0-1.1.9-2 2-2zm-6 6h12v8H6v-8z""/></svg>Lock</button>"
class,"<button aria-label=""Create new"" class=""create-new""><svg viewBox=""0 0 24 24""><path d=""M13 11h8v2h-8zm-2 0H3v2h8zm10-4h-6v2h6zm-8 0H3v2h10zm6-4h-4v2h4zm-6 0H3v2h10zm-4 16h2v-8H9zm6 0h2v-8h-2zm-4 0h2v-8h-2zm4-18v2h-2V1zm-4 0v2H9V1zm6 0v2h-2V1zm4 22h2v-2h-2zm-2-18h2v2h-2zm2 14h2v2h-2zm-2-14h2v2h-2zm-2 18h2v-2h-2zm-2-18h2v2h-2zm2 18h2v2h-2z""/></svg>Create</button>"
class,"<button aria-label=""Undo action"" class=""undo-btn""><svg viewBox=""0 0 24 24""><path d=""M12 5v2H6v10h12v-4h2v6H4V5h8zm-1.95-3H18v2H10.05L14 8l-1.4 1.4L4.2 1 10 1z""/></svg>Undo</button>"
class,"<button aria-label=""Send email"" class=""send-email""><svg viewBox=""0 0 24 24""><path d=""M20 4H4v16h16V4zm-8 9L4 7v10l8-5 8 5V7l-8 6z""/></svg>Send</button>"
class,"<button aria-label=""Bookmark page"" class=""bookmark-page""><svg viewBox=""0 0 24 24""><path d=""M17 3H7c-1.1 0-2 .9-2 2v16l7-3 7 3V5c0-1.1-.9-2-2-2zm0 15l-5-2.18L7 18V5h10v13z""/></svg>Bookmark</button>"
class,"<button aria-label=""Attach file"" class=""attach-file""><svg viewBox=""0 0 24 24""><path d=""M16.5 3H8C5.79 3 4 4.79 4 7v10c0 2.21 1.79 4 4 4h8.5c2.21 0 4-1.79 4-4V7c0-2.21-1.79-4-4-4zm0 14H8c-1.1 0-2-.9-2-2V7c0-1.1.9-2 2-2h8.5c1.1 0 2 .9 2 2v8c0 1.1-.9 2-2 2z""/></svg>Attach</button>"
class,"<button aria-label=""Print document"" class=""print-document""><svg viewBox=""0 0 24 24""><path d=""M19 8H5c-1.66 0-3 1.34-3 3v6h4v-4h12v4h4v-6c0-1.66-1.34-3-3-3zM16 0H8v5h8V0zm-1 20H9v-6h6v6zm2-8H7v-2h10v2z""/></svg>Print</button>"
class,"<button aria-label=""Navigate back"" class=""navigate-back""><svg viewBox=""0 0 24 24""><path d=""M14 7l-5 5 5 5V7z""/></svg>Back</button>"
class,"<button aria-label=""Clear all"" class=""clear-all""><svg viewBox=""0 0 24 24""><path d=""M5 11h14v2H5z""/></svg>Clear</button>"
class,"<button aria-label=""Disconnect"" class=""disconnect-btn""><svg viewBox=""0 0 24 24""><path d=""M16 17v-1h4V8h-4V7l-6 5 6 5zm-2-5l4-3v6l-4-3zm2-11c4.41 0 8 3.59 8 8v4h-2V8c0-3.31-2.69-6-6-6H6C2.69 2 0 4.69 0 8v8c0 3.31 2.69 6 6 6h10v-2H6c-2.21 0-4-1.79-4-4V8c0-2.21 1.79-4 4-4h10z""/></svg>Disconnect</button>"
class,"<button aria-label=""Favorite"" class=""favorite-btn""><svg viewBox=""0 0 24 24""><path d=""M12 21.35l-1.45-1.32C5.4 15.36 2 12.28 2 8.5 2 5.42 4.42 3 7.5 3c1.74 0 3.41.81 4.5 2.09C13.09 3.81 14.76 3 16.5 3 19.58 3 22 5.42 22 8.5c0 3.78-3.4 6.86-8.55 11.54L12 21.35z""/></svg>Favorite</button>"
class,"<button aria-label=""Zoom out"" class=""zoom-out-btn""><svg viewBox=""0 0 24 24""><path d=""M15.5 14h-.79l-.28-.27A6.471 6.471 0 0016 9.5 6.5 6.5 0 109.5 16c1.61 0 3.09-.59 4.23-1.57l.27.28v.79l5 4.99L20.49 19l-4.99-5zm-6 0C7.01 14 5 11.99 5 9.5S7.01 5 9.5 5S14 7.01 14 9.5 11.99 14 9.5 14z""/></svg>Zoom Out</button>"
class,"<button aria-label=""Adjust brightness"" class=""brightness-btn""><svg viewBox=""0 0 24 24""><path d=""M12 3v2h4v2h-6V3h2zm9 9h-2v-2h-2v6h4v-4zm-9 9v-2h-4v-2h6v4h-2zm-9-9H3v2H1v-4h4v2zm3-8H7V3h4v2H9v2zm8 16h-2v2h-4v-2h2v-2h4v2zm3-8h2v4h-4v-2h2v-2zm-3-8h2V3h-4v2h2v2z""/></svg>Brightness</button>"
class,"<button aria-label=""Increase volume"" class=""increase-volume""><svg viewBox=""0 0 24 24""><path d=""M3 9v6h4l5 5V4L7 9H3zm16.5 3c0-1.77-.73-3.37-1.9-4.6l-1.6 1.6c.89.89 1.5 2.07 1.5 3.5s-.61 2.61-1.5 3.5l1.6 1.6c1.17-1.23 1.9-2.83 1.9-4.6z""/></svg>Volume +</button>"
class,"<button aria-label=""Rewind"" class=""rewind-button""><svg viewBox=""0 0 24 24""><path d=""M11 18V6l-8.5 6L11 18zm1-12v12l8.5-6L12 6z""/></svg>Rewind</button>"
class,"<button aria-label=""Shuffle"" class=""shuffle-btn""><svg viewBox=""0 0 24 24""><path d=""M10 4L2 12l8 8v-5h4V9h-4V4zm12 0v2h-6v3h4v2h-6v3h6v2l3-3-3-3v2h-4v-3h4V6h-4V4h7z""/></svg>Shuffle</button>"
class,"<button aria-label=""Minimize window"" class=""minimize-window""><svg viewBox=""0 0 24 24""><path d=""M20 14H4v-4h16v4z""/></svg>Minimize</button>"
class,"<button aria-label=""Maximize window"" class=""maximize-window""><svg viewBox=""0 0 24 24""><path d=""M4 4h16v16H4V4zm2 2v12h12V6H6z""/></svg>Maximize</button>"
class,"<button aria-label=""Reduce noise"" class=""noise-reduction""><svg viewBox=""0 0 24 24""><path d=""M9 18V6l-7 6 7 6zm2-12v12l7-6-7-6z""/></svg>Reduce Noise</button>"
class,"<button aria-label=""Access settings"" class=""access-settings""><svg viewBox=""0 0 24 24""><path d=""M12 22c1.1 0 2-.9 2-2h-4c0 1.1.9 2 2 2zm6-2v-5h-2v5h2zm3-7c0 1.66-1.34 3-3 3h-3v2h3c2.76 0 5-2.24 5-5V7h-2v6zm-5 3h-4V7h4v9zm-6 0H7c-2.76 0-5 2.24-5 5h2c0-1.66 1.34-3 3-3h3v-2zm0-11V3h-2v3h2zm-4 3H3v2h2V7zm18 0h-2v2h2V7z""/></svg>Settings</button>"
class,"<button aria-label=""Help"" class=""help-button""><svg viewBox=""0 0 24 24""><path d=""M12 2C6.48 2 2 6.48 2 12s4.48 10 10 10 10-4.48 10-10S17.52 2 12 2zm1 17h-2v-2h2v2zm2.07-7.75l-.9.92c-.57.58-1.17 1.25-1.17 2.83h-2v-.5c0-1.1.45-2.1 1.17-2.83l1.24-1.26c.46-.44.76-1.06.76-1.74 0-1.3-1.17-2.25-2.5-2.25S8.5 9.7 8.5 11H6c0-2.48 2.02-4.5 4.5-4.5s4.5 2.02 4.5 4.5c0 .97-.38 1.84-1.07 2.5z""/></svg>Help</button>"
class,"<button aria-label=""Turn off"" class=""turn-off""><svg viewBox=""0 0 24 24""><path d=""M13 3h-2v10h2V3zm4.83 2.17l-1.42 1.42C15.1 5.56 13.6 5 12 5c-1.6 0-3.1.56-4.41 1.59L6.17 5.17C8.02 3.78 9.94 3 12 3s3.98.78 5.83 2.17zM20 14h-2v2h2v-2zm0 4h-2v2h2v-2zm0 4h-2v2h2v-2zM4 14H2v2h2v-2zm0 4H2v2h2v-2zm0 4H2v2h2v-2z""/></svg>Off</button>"
class,"<button aria-label=""Home"" class=""home-button""><svg viewBox=""0 0 24 24""><path d=""M10 20v-6h4v6h5v-8h3L12 3 2 12h3v8z""/></svg>Home</button>"
class,"<button aria-label=""Disconnect network"" class=""disconnect-network""><svg viewBox=""0 0 24 24""><path d=""M12 2C6.48 2 2 6.48 2 12s4.48 10 10 10 10-4.48 10-10S17.52 2 12 2zm0 18c-4.41 0-8-3.59-8-8s3.59-8 8-8 8 3.59 8 8-3.59 8-8 8zm1-13h-2v4h2V7zm0 6h-2v2h2v-2z""/></svg>Disconnect</button>"
class,"<button aria-label=""Configure options"" class=""configure-options""><svg viewBox=""0 0 24 24""><path d=""M12 15.5a3.5 3.5 0 100-7 3.5 3.5 0 000 7zm-1-10v-.5a2 2 0 114 0v.5""/></svg>Configure</button>"
class,"<button class=""realbox-icon-button"" title=""Sese göre ara""></button>"
class,"<button class=""realbox-icon-button"" title=""Arama yap""></button>"
class,"<button class=""realbox-icon-button"" title=""Daha fazla bilgi""></button>"
class,"<button class=""realbox-icon-button"" title=""Giriş yap""></button>"
class,"<button class=""realbox-icon-button"" title=""Kayıt ol""></button>"
class,"<button class=""realbox-icon-button"" title=""Sepete ekle""></button>"
class,"<button class=""realbox-icon-button"" title=""Çıkış yap""></button>"
class,"<button class=""realbox-icon-button"" title=""Favorilere ekle""></button>"
class,"<button class=""realbox-icon-button"" title=""Yardım""></button>"
class,"<button class=""realbox-icon-button"" title=""İletişim""></button>"
class,"<button class=""realbox-icon-button"" title=""Bilgi al""></button>"
class,"<button class=""realbox-icon-button"" title=""Ayarlar""></button>"
class,"<button class=""realbox-icon-button"" title=""Paylaş""></button>"
class,"<button class=""realbox-icon-button"" title=""Yükle""></button>"
class,"<button class=""realbox-icon-button"" title=""Gönder""></button>"
class,"<button class=""realbox-icon-button"" title=""Sil""></button>"
class,"<button class=""realbox-icon-button"" title=""Düzenle""></button>"
class,"<button class=""realbox-icon-button"" title=""Kopyala""></button>"
class,"<button class=""realbox-icon-button"" title=""Kes""></button>"
class,"<button class=""realbox-icon-button"" title=""Yenile""></button>"
class,"<button class=""realbox-icon-button"" title=""Oynat""></button>"
class,"<button class=""realbox-icon-button"" title=""Duraklat""></button>"
class,"<button class=""realbox-icon-button"" title=""Durdur""></button>"
class,"<button class=""realbox-icon-button"" title=""Ses aç""></button>"
class,"<button class=""realbox-icon-button"" title=""Ses kıs""></button>"
class,"<button class=""realbox-icon-button"" title=""Tam ekran""></button>"
class,"<button class=""realbox-icon-button"" title=""Pencereyi küçült""></button>"
class,"<button class=""realbox-icon-button"" title=""Pencereyi büyült""></button>"
class,"<button class=""realbox-icon-button"" title=""Kapat""></button>"
class,"<button class=""realbox-icon-button"" title=""Aç""></button>"
class,"<button class=""realbox-icon-button"" title=""Geri dön""></button>"
class,"<button class=""realbox-icon-button"" title=""İleri git""></button>"
class,"<button class=""realbox-icon-button"" title=""Bir önceki""></button>"
class,"<button class=""realbox-icon-button"" title=""Bir sonraki""></button>"
class,"<button class=""realbox-icon-button"" title=""Yeniden başlat""></button>"
class,"<button class=""realbox-icon-button"" title=""Durum""></button>"
class,"<button class=""realbox-icon-button"" title=""Açıklama""></button>"
class,"<button class=""realbox-icon-button"" title=""Önizle""></button>"
class,"<button class=""realbox-icon-button"" title=""Yükle""></button>"
class,"<button class=""realbox-icon-button"" title=""Geri al""></button>"
class,"<button class=""realbox-icon-button"" title=""Önceki""></button>"
class,"<button class=""realbox-icon-button"" title=""Sonraki""></button>"
class,"<button class=""realbox-icon-button"" title=""Yeni oluştur""></button>"
class,"<button class=""realbox-icon-button"" title=""Küçült""></button>"
class,"<button class=""realbox-icon-button"" title=""Büyült""></button>"
class,"<button class=""realbox-icon-button"" title=""Seç""></button>"
class,"<button class=""realbox-icon-button"" title=""Kapat""></button>"
class,"<button class=""realbox-icon-button"" title=""Daha fazla""></button>"
class,"<button class=""realbox-icon-button"" title=""Geri getir""></button>"
class,"<button class=""realbox-icon-button"" title=""Yardım et""></button>"
class,"<button class=""realbox-icon-button"" title=""Güncelle""></button>"
class,"<button class=""realbox-icon-button"" title=""Sonuçları göster""></button>"
class,"<button class=""realbox-icon-button"" title=""Açıklamaları göster""></button>"
class,"<button class=""realbox-icon-button"" title=""Beni izle""></button>"
class,"<button class=""realbox-icon-button"" title=""Ekle""></button>"
class,"<button class=""realbox-icon-button"" title=""Gizle""></button>"
class,"<button class=""realbox-icon-button"" title=""Yeniden dene""></button>"
class,"<button class=""realbox-icon-button"" title=""Göster""></button>"
class,"<button class=""icon-button-primary"" title=""Sese göre ara""></button>"
class,"<button class=""icon-button-primary"" title=""Arama yap""></button>"
class,"<button class=""icon-button-secondary"" title=""Daha fazla bilgi""></button>"
class,"<button class=""icon-button-secondary"" title=""Giriş yap""></button>"
class,"<button class=""icon-button-alert"" title=""Kayıt ol""></button>"
class,"<button class=""icon-button-alert"" title=""Sepete ekle""></button>"
class,"<button class=""icon-button-info"" title=""Çıkış yap""></button>"
class,"<button class=""icon-button-info"" title=""Favorilere ekle""></button>"
class,"<button class=""icon-button-success"" title=""Yardım""></button>"
class,"<button class=""icon-button-success"" title=""İletişim""></button>"
class,"<button class=""icon-button-warning"" title=""Bilgi al""></button>"
class,"<button class=""icon-button-warning"" title=""Ayarlar""></button>"
class,"<button class=""icon-button-danger"" title=""Paylaş""></button>"
class,"<button class=""icon-button-danger"" title=""Yükle""></button>"
class,"<button class=""icon-button-dark"" title=""Gönder""></button>"
class,"<button class=""icon-button-dark"" title=""Sil""></button>"
class,"<button class=""icon-button-light"" title=""Düzenle""></button>"
class,"<button class=""icon-button-light"" title=""Kopyala""></button>"
class,"<button class=""icon-button-neutral"" title=""Kes""></button>"
class,"<button class=""icon-button-neutral"" title=""Yenile""></button>"
class,"<button class=""icon-button-primary-outline"" title=""Oynat""></button>"
class,"<button class=""icon-button-primary-outline"" title=""Duraklat""></button>"
class,"<button class=""icon-button-secondary-outline"" title=""Durdur""></button>"
class,"<button class=""icon-button-secondary-outline"" title=""Ses aç""></button>"
class,"<button class=""icon-button-success-outline"" title=""Ses kıs""></button>"
class,"<button class=""icon-button-success-outline"" title=""Tam ekran""></button>"
class,"<button class=""icon-button-info-outline"" title=""Pencereyi küçült""></button>"
class,"<button class=""icon-button-info-outline"" title=""Pencereyi büyült""></button>"
class,"<button class=""icon-button-warning-outline"" title=""Kapat""></button>"
class,"<button class=""icon-button-warning-outline"" title=""Aç""></button>"
class,"<button class=""icon-button-danger-outline"" title=""Geri dön""></button>"
class,"<button class=""icon-button-danger-outline"" title=""İleri git""></button>"
class,"<button class=""icon-button-dark-outline"" title=""Bir önceki""></button>"
class,"<button class=""icon-button-dark-outline"" title=""Bir sonraki""></button>"
class,"<button class=""icon-button-light-outline"" title=""Yeniden başlat""></button>"
class,"<button class=""icon-button-light-outline"" title=""Yükle""></button>"
class,"<button class=""icon-button-primary-dark"" title=""Aç""></button>"
class,"<button class=""icon-button-primary-dark"" title=""Geri dön""></button>"
class,"<button class=""icon-button-secondary-dark"" title=""İleri git""></button>"
class,"<button class=""icon-button-secondary-dark"" title=""Bir önceki""></button>"
class,"<button class=""icon-button-alert-dark"" title=""Bir sonraki""></button>"
class,"<button class=""icon-button-alert-dark"" title=""Yeniden başlat""></button>"
class,"<button class=""icon-button-info-dark"" title=""Gönder""></button>"
class,"<button class=""icon-button-info-dark"" title=""Sil""></button>"
class,"<button class=""icon-button-success-dark"" title=""Düzenle""></button>"
class,"<button class=""icon-button-success-dark"" title=""Kopyala""></button>"
class,"<button class=""icon-button-warning-dark"" title=""Kes""></button>"
class,"<button class=""icon-button-warning-dark"" title=""Yenile""></button>"
class,"<button class=""icon-button-danger-dark"" title=""Oynat""></button>"
class,"<button class=""icon-button-danger-dark"" title=""Duraklat""></button>"
class,"<button class=""icon-button-dark-dark"" title=""Durdur""></button>"
class,"<button class=""icon-button-dark-dark"" title=""Ses aç""></button>"
class,"<button class=""icon-button-light-dark"" title=""Ses kıs""></button>"
class,"<button class=""icon-button-light-dark"" title=""Tam ekran""></button>"
class,"<button class=""icon-button-neutral-dark"" title=""Pencereyi küçült""></button>"
class,"<button class=""icon-button-neutral-dark"" title=""Pencereyi büyült""></button>"
class,"<button class=""icon-button-primary-light"" title=""Kapat""></button>"
class,"<button class=""icon-button-primary-light"" title=""Aç""></button>"
class,"<button class=""icon-button-secondary-light"" title=""Geri dön""></button>"
class,"<button class=""icon-button-secondary-light"" title=""İleri git""></button>"
class,"<button class=""icon-button-alert-light"" title=""Bir önceki""></button>"
class,"<button class=""icon-button-alert-light"" title=""Bir sonraki""></button>"
class,"<button class=""icon-button-info-light"" title=""Yeniden başlat""></button>"
class,"<button class=""icon-button-info-light"" title=""Gönder""></button>"
class,"<button aria-labelledby=""tooltip-1"" type=""button"" data-view-component=""true"" class=""Button Button--iconOnly Button--invisible Button--medium flash-close js-flash-close""> <svg aria-hidden=""true"" height=""16"" viewBox=""0 0 16 16"" version=""1.1"" width=""16"" data-view-component=""true"" class=""octicon octicon-x Button-visual""> <path d=""M3.72 3.72a.75.75 0 0 1 1.06 0L8 6.94l3.22-3.22a.749.749 0 0 1 1.275.326.749.749 0 0 1-.215.734L9.06 8l3.22 3.22a.749.749 0 0 1-.326 1.275.749.749 0 0 1-.734-.215L8 9.06l-3.22 3.22a.751.751 0 0 1-1.042-.018.751.751 0 0 1-.018-1.042L6.94 8 3.72 4.78a.75.75 0 0 1 0-1.06Z""></path> </svg> </button>"
class,"<button aria-labelledby=""tooltip-2"" type=""button"" data-view-component=""true"" class=""Button Button--iconOnly Button--invisible Button--medium flash-close js-flash-close""> <svg aria-hidden=""true"" height=""16"" viewBox=""0 0 16 16"" version=""1.1"" width=""16"" data-view-component=""true"" class=""octicon octicon-check Button-visual""> <path d=""M5.5 8.5l3 3 6-6""></path> </svg> </button>"
class,"<button aria-labelledby=""tooltip-3"" type=""button"" data-view-component=""true"" class=""Button Button--iconOnly Button--invisible Button--medium flash-close js-flash-close""> <svg aria-hidden=""true"" height=""16"" viewBox=""0 0 16 16"" version=""1.1"" width=""16"" data-view-component=""true"" class=""octicon octicon-plus Button-visual""> <path d=""M8 3v10M3 8h10""></path> </svg> </button>"
class,"<button aria-labelledby=""tooltip-4"" type=""button"" data-view-component=""true"" class=""Button Button--iconOnly Button--invisible Button--medium flash-close js-flash-close""> <svg aria-hidden=""true"" height=""16"" viewBox=""0 0 16 16"" version=""1.1"" width=""16"" data-view-component=""true"" class=""octicon octicon-minus Button-visual""> <path d=""M3 8h10""></path> </svg> </button>"
class,"<button aria-labelledby=""tooltip-5"" type=""button"" data-view-component=""true"" class=""Button Button--iconOnly Button--invisible Button--medium flash-close js-flash-close""> <svg aria-hidden=""true"" height=""16"" viewBox=""0 0 16 16"" version=""1.1"" width=""16"" data-view-component=""true"" class=""octicon octicon-heart Button-visual""> <path d=""M8 15s7-4.35 7-8.5S10.35 1 8 4.35 1 6.65 1 6.65s0 4.15 7 8.35z""></path> </svg> </button>"
class,"<button aria-labelledby=""tooltip-6"" type=""button"" data-view-component=""true"" class=""Button Button--iconOnly Button--invisible Button--medium flash-close js-flash-close""> <svg aria-hidden=""true"" height=""16"" viewBox=""0 0 16 16"" version=""1.1"" width=""16"" data-view-component=""true"" class=""octicon octicon-star Button-visual""> <path d=""M8 12.5l-3.5 2 1-3.5L1 6.5l3.5-.5L8 1l3.5 4L16 6.5l-4.5 3.5 1 3.5z""></path> </svg> </button>"
class,"<button aria-labelledby=""tooltip-7"" type=""button"" data-view-component=""true"" class=""Button Button--iconOnly Button--invisible Button--medium flash-close js-flash-close""> <svg aria-hidden=""true"" height=""16"" viewBox=""0 0 16 16"" version=""1.1"" width=""16"" data-view-component=""true"" class=""octicon octicon-upload Button-visual""> <path d=""M8 2v12m-4-4l4-4 4 4""></path> </svg> </button>"
class,"<button aria-labelledby=""tooltip-8"" type=""button"" data-view-component=""true"" class=""Button Button--iconOnly Button--invisible Button--medium flash-close js-flash-close""> <svg aria-hidden=""true"" height=""16"" viewBox=""0 0 16 16"" version=""1.1"" width=""16"" data-view-component=""true"" class=""octicon octicon-download Button-visual""> <path d=""M8 14V2m4 4l-4 4-4-4""></path> </svg> </button>"
class,"<button aria-labelledby=""tooltip-9"" type=""button"" data-view-component=""true"" class=""Button Button--iconOnly Button--invisible Button--medium flash-close js-flash-close""> <svg aria-hidden=""true"" height=""16"" viewBox=""0 0 16 16"" version=""1.1"" width=""16"" data-view-component=""true"" class=""octicon octicon-refresh Button-visual""> <path d=""M8 2a6 6 0 1 1-6 6h4l-3-3 3 3 3-3h-4a6 6 0 0 1 6-6z""></path> </svg> </button>"
class,"<button aria-labelledby=""tooltip-10"" type=""button"" data-view-component=""true"" class=""Button Button--iconOnly Button--invisible Button--medium flash-close js-flash-close""> <svg aria-hidden=""true"" height=""16"" viewBox=""0 0 16 16"" version=""1.1"" width=""16"" data-view-component=""true"" class=""octicon octicon-search Button-visual""> <path d=""M11.742 10.742a5 5 0 1 0-1.406 1.406 5 5 0 0 0 1.406-1.406zM12 5a7 7 0 1 1-7 7 7 7 0 0 1 7-7z""></path> </svg> </button>"
class,"<button aria-labelledby=""tooltip-11"" type=""button"" data-view-component=""true"" class=""Button Button--iconOnly Button--invisible Button--medium flash-close js-flash-close""> <svg aria-hidden=""true"" height=""16"" viewBox=""0 0 16 16"" version=""1.1"" width=""16"" data-view-component=""true"" class=""octicon octicon-gear Button-visual""> <path d=""M8 12.5a4.5 4.5 0 1 0-4.5-4.5A4.5 4.5 0 0 0 8 12.5zm0-9a4.5 4.5 0 0 1 4.5 4.5 4.5 4.5 0 0 1-4.5 4.5 4.5 4.5 0 0 1-4.5-4.5A4.5 4.5 0 0 1 8 3.5z""></path> </svg> </button>"
class,"<button aria-labelledby=""tooltip-12"" type=""button"" data-view-component=""true"" class=""Button Button--iconOnly Button--invisible Button--medium flash-close js-flash-close""> <svg aria-hidden=""true"" height=""16"" viewBox=""0 0 16 16"" version=""1.1"" width=""16"" data-view-component=""true"" class=""octicon octicon-camera Button-visual""> <path d=""M4 8a4 4 0 1 1 8 0 4 4 0 0 1-8 0zM2 8a6 6 0 1 1 12 0A6 6 0 0 1 2 8zM2 4h12a1 1 0 0 1 1 1v8a1 1 0 0 1-1 1H2a1 1 0 0 1-1-1V5a1 1 0 0 1 1-1z""></path> </svg> </button>"
class,"<button aria-labelledby=""tooltip-13"" type=""button"" data-view-component=""true"" class=""Button Button--iconOnly Button--invisible Button--medium flash-close js-flash-close""> <svg aria-hidden=""true"" height=""16"" viewBox=""0 0 16 16"" version=""1.1"" width=""16"" data-view-component=""true"" class=""octicon octicon-microscope Button-visual""> <path d=""M10 1a2 2 0 1 1-4 0 2 2 0 0 1 4 0zM6 4a2 2 0 0 1-2 2v1a2 2 0 0 0 2 2 2 2 0 0 0 2-2V6a2 2 0 0 1-2-2zm4 1a2 2 0 0 1 2 2v2a2 2 0 0 1-2 2 2 2 0 0 1-2-2V6a2 2 0 0 1 2-2zm0 10a6 6 0 0 0-6-6v2a4 4 0 0 1 4 4 4 4 0 0 1 4-4v-2a6 6 0 0 0-6 6z""></path> </svg> </button>"
class,"<button aria-labelledby=""tooltip-14"" type=""button"" data-view-component=""true"" class=""Button Button--iconOnly Button--invisible Button--medium flash-close js-flash-close""> <svg aria-hidden=""true"" height=""16"" viewBox=""0 0 16 16"" version=""1.1"" width=""16"" data-view-component=""true"" class=""octicon octicon-bell Button-visual""> <path d=""M8 15a2 2 0 0 1-2-2h4a2 2 0 0 1-2 2zM4.293 11.293a1 1 0 0 1-.293-.707V6a4 4 0 0 1 4-4 4 4 0 0 1 4 4v4.586a1 1 0 0 1-.293.707L8 13.586l-3.707-2.293zM9 2a2 2 0 1 1-4 0 2 2 0 0 1 4 0z""></path> </svg> </button>"
class,"<button aria-labelledby=""tooltip-15"" type=""button"" data-view-component=""true"" class=""Button Button--iconOnly Button--invisible Button--medium flash-close js-flash-close""> <svg aria-hidden=""true"" height=""16"" viewBox=""0 0 16 16"" version=""1.1"" width=""16"" data-view-component=""true"" class=""octicon octicon-envelope Button-visual""> <path d=""M1 2a1 1 0 0 1 1-1h12a1 1 0 0 1 1 1v12a1 1 0 0 1-1 1H2a1 1 0 0 1-1-1V2zm1 1v2l6 4 6-4V3H2zM2 6l6 4 6-4V13H2V6z""></path> </svg> </button>"
class,"<button aria-labelledby=""tooltip-16"" type=""button"" data-view-component=""true"" class=""Button Button--iconOnly Button--invisible Button--medium flash-close js-flash-close""> <svg aria-hidden=""true"" height=""16"" viewBox=""0 0 16 16"" version=""1.1"" width=""16"" data-view-component=""true"" class=""octicon octicon-lock Button-visual""> <path d=""M8 2a2 2 0 0 1 2 2v4H6V4a2 2 0 0 1 2-2zm-4 6h8v6H4V8z""></path> </svg> </button>"
class,"<button aria-labelledby=""tooltip-17"" type=""button"" data-view-component=""true"" class=""Button Button--iconOnly Button--invisible Button--medium flash-close js-flash-close""> <svg aria-hidden=""true"" height=""16"" viewBox=""0 0 16 16"" version=""1.1"" width=""16"" data-view-component=""true"" class=""octicon octicon-database Button-visual""> <path d=""M8 2a6 6 0 0 0-6 6v4a6 6 0 0 0 12 0V8a6 6 0 0 0-6-6zM2 8a6 6 0 0 1 12 0v2a6 6 0 0 1-12 0V8zm0 4a6 6 0 0 0 12 0v2a6 6 0 0 0-12 0v-2z""></path> </svg> </button>"
class,"<button aria-labelledby=""tooltip-18"" type=""button"" data-view-component=""true"" class=""Button Button--iconOnly Button--invisible Button--medium flash-close js-flash-close""> <svg aria-hidden=""true"" height=""16"" viewBox=""0 0 16 16"" version=""1.1"" width=""16"" data-view-component=""true"" class=""octicon octicon-calendar Button-visual""> <path d=""M2 2v12h12V2H2zm12 0v2H2V2h12zm-6 4v4H4V6h4z""></path> </svg> </button>"
class,"<button aria-labelledby=""tooltip-19"" type=""button"" data-view-component=""true"" class=""Button Button--iconOnly Button--invisible Button--medium flash-close js-flash-close""> <svg aria-hidden=""true"" height=""16"" viewBox=""0 0 16 16"" version=""1.1"" width=""16"" data-view-component=""true"" class=""octicon octicon-briefcase Button-visual""> <path d=""M1 4h14v9H1V4zm1 1v7h12V5H2zm6 2h2v2H8V7z""></path> </svg> </button>"
class,"<button aria-labelledby=""tooltip-20"" type=""button"" data-view-component=""true"" class=""Button Button--iconOnly Button--invisible Button--medium flash-close js-flash-close""> <svg aria-hidden=""true"" height=""16"" viewBox=""0 0 16 16"" version=""1.1"" width=""16"" data-view-component=""true"" class=""octicon octicon-map Button-visual""> <path d=""M1 2h2v12H1V2zm3 0h2v12H4V2zm3 0h2v12H7V2zm3 0h2v12h-2V2z""></path> </svg> </button>"
class,"<button aria-labelledby=""tooltip-21"" type=""button"" data-view-component=""true"" class=""Button Button--iconOnly Button--invisible Button--medium flash-close js-flash-close""> <svg aria-hidden=""true"" height=""16"" viewBox=""0 0 16 16"" version=""1.1"" width=""16"" data-view-component=""true"" class=""octicon octicon-phone Button-visual""> <path d=""M1 1v14h14V1H1zm1 1h12v12H2V2zm7 2v3h-2V4h2z""></path> </svg> </button>"
class,"<button aria-labelledby=""tooltip-22"" type=""button"" data-view-component=""true"" class=""Button Button--iconOnly Button--invisible Button--medium flash-close js-flash-close""> <svg aria-hidden=""true"" height=""16"" viewBox=""0 0 16 16"" version=""1.1"" width=""16"" data-view-component=""true"" class=""octicon octicon-tag Button-visual""> <path d=""M12 2a2 2 0 0 1 2 2v10H2V4a2 2 0 0 1 2-2h8zm0 2H4v12h8V4zm-6 1h4v2H6V5z""></path> </svg> </button>"
class,"<button aria-labelledby=""tooltip-23"" type=""button"" data-view-component=""true"" class=""Button Button--iconOnly Button--invisible Button--medium flash-close js-flash-close""> <svg aria-hidden=""true"" height=""16"" viewBox=""0 0 16 16"" version=""1.1"" width=""16"" data-view-component=""true"" class=""octicon octicon-basket Button-visual""> <path d=""M2 1h12v1H2V1zm1 2h10v2H3V3zm0 3h10v10H3V6z""></path> </svg> </button>"
class,"<button aria-labelledby=""tooltip-24"" type=""button"" data-view-component=""true"" class=""Button Button--iconOnly Button--invisible Button--medium flash-close js-flash-close""> <svg aria-hidden=""true"" height=""16"" viewBox=""0 0 16 16"" version=""1.1"" width=""16"" data-view-component=""true"" class=""octicon octicon-cloud Button-visual""> <path d=""M4 4a4 4 0 0 1 8 0 4 4 0 0 1 4 4 4 4 0 0 1-4 4H4A4 4 0 0 1 0 8a4 4 0 0 1 4-4z""></path> </svg> </button>"
class,"<button aria-labelledby=""tooltip-25"" type=""button"" data-view-component=""true"" class=""Button Button--iconOnly Button--invisible Button--medium flash-close js-flash-close""> <svg aria-hidden=""true"" height=""16"" viewBox=""0 0 16 16"" version=""1.1"" width=""16"" data-view-component=""true"" class=""octicon octicon-star Button-visual""> <path d=""M8 12.053l-3.441 1.76.657-3.843L1 5.65l4.05-.589L8 1.5l2.95 3.56 4.05.589-2.216 2.894.657 3.843L8 12.053z""></path> </svg> </button>"
class,"<button aria-labelledby=""tooltip-26"" type=""button"" data-view-component=""true"" class=""Button Button--iconOnly Button--invisible Button--medium flash-close js-flash-close""> <svg aria-hidden=""true"" height=""16"" viewBox=""0 0 16 16"" version=""1.1"" width=""16"" data-view-component=""true"" class=""octicon octicon-globe Button-visual""> <path d=""M8 1a7 7 0 1 0 0 14A7 7 0 0 0 8 1zm0 12a5 5 0 1 1 0-10 5 5 0 0 1 0 10z""></path> </svg> </button>"
class,"<button aria-labelledby=""tooltip-27"" type=""button"" data-view-component=""true"" class=""Button Button--iconOnly Button--invisible Button--medium flash-close js-flash-close""> <svg aria-hidden=""true"" height=""16"" viewBox=""0 0 16 16"" version=""1.1"" width=""16"" data-view-component=""true"" class=""octicon octicon-key Button-visual""> <path d=""M11.5 9a2.5 2.5 0 1 1-2.5-2.5 2.5 2.5 0 0 1 2.5 2.5zm-3 0a3.5 3.5 0 1 1 7 0 3.5 3.5 0 0 1-7 0zM6 8a2 2 0 1 1 4 0 2 2 0 0 1-4 0z""></path> </svg> </button>"
class,"<button aria-labelledby=""tooltip-28"" type=""button"" data-view-component=""true"" class=""Button Button--iconOnly Button--invisible Button--medium flash-close js-flash-close""> <svg aria-hidden=""true"" height=""16"" viewBox=""0 0 16 16"" version=""1.1"" width=""16"" data-view-component=""true"" class=""octicon octicon-tag Button-visual""> <path d=""M1 1h14v14H1V1zm1 1v2h12V2H2zm0 3v10h12V5H2zm10 4H6V7h6v2z""></path> </svg> </button>"
class,"<button aria-labelledby=""tooltip-29"" type=""button"" data-view-component=""true"" class=""Button Button--iconOnly Button--invisible Button--medium flash-close js-flash-close""> <svg aria-hidden=""true"" height=""16"" viewBox=""0 0 16 16"" version=""1.1"" width=""16"" data-view-component=""true"" class=""octicon octicon-pie-chart Button-visual""> <path d=""M8 1a7 7 0 0 0-7 7v7a7 7 0 0 0 14 0V8a7 7 0 0 0-7-7zM2 8a6 6 0 0 1 12 0v6a6 6 0 0 1-12 0V8zm8-1v6H6V7h4z""></path> </svg> </button>"
class,"<button aria-labelledby=""tooltip-30"" type=""button"" data-view-component=""true"" class=""Button Button--iconOnly Button--invisible Button--medium flash-close js-flash-close""> <svg aria-hidden=""true"" height=""16"" viewBox=""0 0 16 16"" version=""1.1"" width=""16"" data-view-component=""true"" class=""octicon octicon-rocket Button-visual""> <path d=""M7.5 1a2.5 2.5 0 0 1 5 0c.88.88 1.5 2 1.5 3.5s-.63 2.6-1.5 3.5a9.87 9.87 0 0 1-4.5 2.5 9.87 9.87 0 0 1-4.5-2.5c-.88-.88-1.5-2-1.5-3.5s.63-2.6 1.5-3.5zm2.5 1a.5.5 0 1 0-1 0 .5.5 0 0 0 1 0zM4 6c0 1.54.7 3.1 1.8 4.2a8.17 8.17 0 0 0 3.4 1.8c1.29 0 2.55-.35 3.6-.9a7.9 7.9 0 0 0 2.1-1.5c.31-.32.68-.72 1-1.1.32-.38.59-.79.8-1.2.16-.35.27-.7.3-1.1-.08-.37-.27-.72-.55-1.01a.5.5 0 0 0-.7.7c.15.2.22.42.23.66-.04.26-.14.5-.29.73-.23.31-.53.63-.84.9-1.05.97-2.36 1.7-3.7 2.2a8.42 8.42 0 0 1-3.8.1C5.8 10.1 4.5 8.54 4.5 7a.5.5 0 1 0-1 0z""></path> </svg> </button>"
class,"<button aria-labelledby=""tooltip-31"" type=""button"" data-view-component=""true"" class=""Button Button--iconOnly Button--invisible Button--medium flash-close js-flash-close""> <svg aria-hidden=""true"" height=""16"" viewBox=""0 0 16 16"" version=""1.1"" width=""16"" data-view-component=""true"" class=""octicon octicon-video Button-visual""> <path d=""M4 4H1v10h3V4zm11 3v4H5V7h10zM5 1h11v11H5V1z""></path> </svg> </button>"
class,"<button aria-labelledby=""tooltip-32"" type=""button"" data-view-component=""true"" class=""Button Button--iconOnly Button--invisible Button--medium flash-close js-flash-close""> <svg aria-hidden=""true"" height=""16"" viewBox=""0 0 16 16"" version=""1.1"" width=""16"" data-view-component=""true"" class=""octicon octicon-music Button-visual""> <path d=""M10 1v8.384a4 4 0 1 1-1 0V1h-1v8.384a4 4 0 1 1-1 0V1H6v8.384a4 4 0 1 1-1 0V1h-.5v8.384a4 4 0 1 1-1 0V1H1v14h14V1h-4z""></path> </svg> </button>"
class,"<button aria-labelledby=""tooltip-33"" type=""button"" data-view-component=""true"" class=""Button Button--iconOnly Button--invisible Button--medium flash-close js-flash-close""> <svg aria-hidden=""true"" height=""16"" viewBox=""0 0 16 16"" version=""1.1"" width=""16"" data-view-component=""true"" class=""octicon octicon-zap Button-visual""> <path d=""M7.5 1l5 7H9l1.5 6-5-7h3l-1.5-6z""></path> </svg> </button>"
class,"<button aria-labelledby=""tooltip-34"" type=""button"" data-view-component=""true"" class=""Button Button--iconOnly Button--invisible Button--medium flash-close js-flash-close""> <svg aria-hidden=""true"" height=""16"" viewBox=""0 0 16 16"" version=""1.1"" width=""16"" data-view-component=""true"" class=""octicon octicon-heart Button-visual""> <path d=""M8 13.409l-4.294-4.29C2.244 8.594 1.5 7.418 1.5 6.1A3.28 3.28 0 0 1 4.828 2.73a3.28 3.28 0 0 1 4.344 0A3.28 3.28 0 0 1 13.5 6.1c0 1.318-.744 2.494-2.206 3.019L8 13.409z""></path> </svg> </button>"
class,"<button aria-labelledby=""tooltip-35"" type=""button"" data-view-component=""true"" class=""Button Button--iconOnly Button--invisible Button--medium flash-close js-flash-close""> <svg aria-hidden=""true"" height=""16"" viewBox=""0 0 16 16"" version=""1.1"" width=""16"" data-view-component=""true"" class=""octicon octicon-globe Button-visual""> <path d=""M8 1a7 7 0 1 0 0 14A7 7 0 0 0 8 1zm0 12a5 5 0 1 1 0-10 5 5 0 0 1 0 10z""></path> </svg> </button>"
class,"<button aria-labelledby=""tooltip-36"" type=""button"" data-view-component=""true"" class=""Button Button--iconOnly Button--invisible Button--medium flash-close js-flash-close""> <svg aria-hidden=""true"" height=""16"" viewBox=""0 0 16 16"" version=""1.1"" width=""16"" data-view-component=""true"" class=""octicon octicon-repo Button-visual""> <path d=""M11.5 3a.5.5 0 0 1 .5.5v9a.5.5 0 0 1-.5.5H4a.5.5 0 0 1-.5-.5v-9a.5.5 0 0 1 .5-.5h7zM1 1h14v14H1V1zm3 3h8v10H4V4z""></path> </svg> </button>"
class,"<button aria-labelledby=""tooltip-37"" type=""button"" data-view-component=""true"" class=""Button Button--iconOnly Button--invisible Button--medium flash-close js-flash-close""> <svg aria-hidden=""true"" height=""16"" viewBox=""0 0 16 16"" version=""1.1"" width=""16"" data-view-component=""true"" class=""octicon octicon-telescope Button-visual""> <path d=""M2.1 1.9l11.8 6.4a.5.5 0 0 1 0 .8l-11.8 6.4a.5.5 0 0 1-.8-.4V4.3a.5.5 0 0 1 .8-.4z""></path> </svg> </button>"
class,"<button aria-labelledby=""tooltip-38"" type=""button"" data-view-component=""true"" class=""Button Button--iconOnly Button--invisible Button--medium flash-close js-flash-close""> <svg aria-hidden=""true"" height=""16"" viewBox=""0 0 16 16"" version=""1.1"" width=""16"" data-view-component=""true"" class=""octicon octicon-pyramid Button-visual""> <path d=""M8 1l7 7H1l7-7zM1 14h14V8H1v6z""></path> </svg> </button>"
class,"<button aria-labelledby=""tooltip-39"" type=""button"" data-view-component=""true"" class=""Button Button--iconOnly Button--invisible Button--medium flash-close js-flash-close""> <svg aria-hidden=""true"" height=""16"" viewBox=""0 0 16 16"" version=""1.1"" width=""16"" data-view-component=""true"" class=""octicon octicon-terminal Button-visual""> <path d=""M3 1h10a1 1 0 0 1 1 1v12a1 1 0 0 1-1 1H3a1 1 0 0 1-1-1V2a1 1 0 0 1 1-1zm1 2h8v11H4V3zM5 5h6v1H5V5zM5 7h6v1H5V7z""></path> </svg> </button>"
class,"<button class=""back-to-home"" aria-label=""Go to Home"">
    <span class=""home-icon""></span>
</button>"
name,"<button class=""save-btn"" name=""save-data"">Save Data</button>"
name,"<button class=""confirm-btn"" name=""confirm-data"">Confirm Data</button>"
name,"<button class=""send-btn"" name=""send-info"">Send Info</button>"
name,"<button class=""upload-btn"" name=""upload-file"">Upload File</button>"
name,"<button class=""register-btn"" name=""register-user"">Register User</button>"
name,"<button class=""apply-btn"" name=""apply-changes"">Apply Changes</button>"
name,"<button class=""login-btn"" name=""login-user"">Login User</button>"
name,"<button class=""sign-up-btn"" name=""sign-up-user"">Sign Up</button>"
name,"<button class=""reset-btn"" name=""reset-form"">Reset Form</button>"
name,"<button class=""start-btn"" name=""start-process"">Start Process</button>"
name,"<button class=""finish-btn"" name=""finish-task"">Finish Task</button>"
name,"<button class=""delete-btn"" name=""delete-entry"">Delete Entry</button>"
name,"<button class=""close-btn"" name=""close-window"">Close Window</button>"
name,"<button class=""submit-order-btn"" name=""submit-order"">Submit Order</button>"
name,"<button class=""checkout-btn"" name=""checkout-cart"">Checkout</button>"
name,"<button class=""continue-btn"" name=""continue-process"">Continue Process</button>"
name,"<button class=""confirm-payment-btn"" name=""confirm-payment"">Confirm Payment</button>"
name,"<button class=""next-btn"" name=""next-step"">Next Step</button>"
name,"<button class=""back-btn"" name=""previous-step"">Previous Step</button>"
name,"<button class=""update-btn"" name=""update-details"">Update Details</button>"
name,"<button class=""download-btn"" name=""download-file"">Download File</button>"
name,"<button class=""view-btn"" name=""view-details"">View Details</button>"
name,"<button class=""confirm-registration-btn"" name=""confirm-registration"">Confirm Registration</button>"
name,"<button class=""logout-btn"" name=""logout-user"">Logout</button>"
name,"<button class=""add-to-cart-btn"" name=""add-to-cart"">Add to Cart</button>"
name,"<button class=""purchase-btn"" name=""complete-purchase"">Complete Purchase</button>"
name,"<button class=""approve-btn"" name=""approve-application"">Approve Application</button>"
name,"<button class=""disapprove-btn"" name=""disapprove-application"">Disapprove Application</button>"
name,"<button class=""submit-feedback-btn"" name=""submit-feedback"">Submit Feedback</button>"
name,"<button class=""send-message-btn"" name=""send-message"">Send Message</button>"
name,"<button class=""post-comment-btn"" name=""post-comment"">Post Comment</button>"
name,"<button class=""accept-btn"" name=""accept-terms"">Accept Terms</button>"
name,"<button class=""reject-btn"" name=""reject-terms"">Reject Terms</button>"
name,"<button class=""schedule-btn"" name=""schedule-meeting"">Schedule Meeting</button>"
name,"<button class=""cancel-btn"" name=""cancel-request"">Cancel Request</button>"
name,"<button class=""retry-btn"" name=""retry-connection"">Retry Connection</button>"
name,"<button class=""load-more-btn"" name=""load-more-results"">Load More Results</button>"
name,"<button class=""get-quote-btn"" name=""get-quote"">Get Quote</button>"
name,"<button class=""search-btn"" name=""search-data"">Search Data</button>"
name,"<button class=""filter-btn"" name=""apply-filters"">Apply Filters</button>"
name,"<button class=""refresh-btn"" name=""refresh-page"">Refresh Page</button>"
name,"<button class=""edit-btn"" name=""edit-entry"">Edit Entry</button>"
name,"<button class=""save-changes-btn"" name=""save-changes"">Save Changes</button>"
name,"<button class=""reset-password-btn"" name=""reset-password"">Reset Password</button>"
name,"<button class=""verify-btn"" name=""verify-account"">Verify Account</button>"
name,"<button class=""confirm-identity-btn"" name=""confirm-identity"">Confirm Identity</button>"
name,"<button class=""track-btn"" name=""track-package"">Track Package</button>"
name,"<button class=""share-btn"" name=""share-content"">Share Content</button>"
name,"<button class=""bookmark-btn"" name=""bookmark-page"">Bookmark Page</button>"
name,"<button class=""claim-btn"" name=""claim-offer"">Claim Offer</button>"
name,"<form><button name=""submit-form"">Submit Form</button></form>"
name,"<form><button name=""send-feedback"">Send Feedback</button></form>"
name,"<form><button name=""submit-data"">Submit Data</button></form>"
name,"<form><button name=""submit-request"">Submit Request</button></form>"
name,"<form><button name=""submit-order"">Submit Order</button></form>"
name,"<form><button name=""send-message"">Send Message</button></form>"
name,"<form><button name=""post-comment"">Post Comment</button></form>"
name,"<form><button name=""submit-feedback"">Submit Feedback</button></form>"
name,"<form><button name=""submit-application"">Submit Application</button></form>"
name,"<form><button name=""submit-inquiry"">Submit Inquiry</button></form>"
name,"<form><button name=""send-query"">Send Query</button></form>"
name,"<form><button name=""register-account"">Register Account</button></form>"
name,"<form><button name=""sign-up"">Sign Up</button></form>"
name,"<form><button name=""submit-login"">Submit Login</button></form>"
name,"<form><button name=""confirm-registration"">Confirm Registration</button></form>"
name,"<form><button name=""confirm-order"">Confirm Order</button></form>"
name,"<form><button name=""send-application"">Send Application</button></form>"
name,"<form><button name=""submit-response"">Submit Response</button></form>"
name,"<form><button name=""submit-resume"">Submit Resume</button></form>"
name,"<form><button name=""submit-report"">Submit Report</button></form>"
name,"<form><button name=""send-review"">Send Review</button></form>"
name,"<form><button name=""complete-signup"">Complete Signup</button></form>"
name,"<form><button name=""submit-ticket"">Submit Ticket</button></form>"
name,"<form><button name=""submit-entry"">Submit Entry</button></form>"
name,"<form><button name=""submit-job"">Submit Job</button></form>"
name,"<form><button name=""submit-offer"">Submit Offer</button></form>"
name,"<form><button name=""submit-registration"">Submit Registration</button></form>"
name,"<form><button name=""submit-details"">Submit Details</button></form>"
name,"<form><button name=""submit-comment"">Submit Comment</button></form>"
name,"<form><button name=""submit-proposal"">Submit Proposal</button></form>"
name,"<form><button name=""send-order"">Send Order</button></form>"
name,"<form><button name=""submit-request-form"">Submit Request Form</button></form>"
name,"<form><button name=""submit-task"">Submit Task</button></form>"
name,"<form><button name=""confirm-submission"">Confirm Submission</button></form>"
name,"<form><button name=""submit-item"">Submit Item</button></form>"
name,"<form><button name=""send-form"">Send Form</button></form>"
name,"<form><button name=""submit-account"">Submit Account</button></form>"
name,"<form><button name=""submit-info"">Submit Info</button></form>"
name,"<form><button name=""send-data"">Send Data</button></form>"
name,"<form><button name=""submit-query-form"">Submit Query Form</button></form>"
name,"<form><button name=""submit-survey"">Submit Survey</button></form>"
name,"<form><button name=""submit-answer"">Submit Answer</button></form>"
name,"<form><button name=""submit-feedback-form"">Submit Feedback Form</button></form>"
name,"<form><button name=""submit-reply"">Submit Reply</button></form>"
name,"<form><button name=""send-request"">Send Request</button></form>"
name,"<form><button name=""submit-info-form"">Submit Info Form</button></form>"
name,"<form><button name=""submit-confirmation"">Submit Confirmation</button></form>"
name,"<form><button name=""submit-query-response"">Submit Query Response</button></form>"
name,"<form><button name=""send-question"">Send Question</button></form>"
name,"<form><button name=""submit-application-form"">Submit Application Form</button></form>"
name,"<div class='sidebar'><button name=""abort-action"">Abort Action</button></div>"
name,"<div class='sidebar'><button name=""stop-action"">Stop Action</button></div>"
name,"<div class='sidebar'><button name=""close-action"">Close Action</button></div>"
name,"<div class='sidebar'><button name=""end-action"">End Action</button></div>"
name,"<div class='sidebar'><button name=""exit-action"">Exit Action</button></div>"
name,"<div class='sidebar'><button name=""cancel-process"">Cancel Process</button></div>"
name,"<div class='sidebar'><button name=""abort-process"">Abort Process</button></div>"
name,"<div class='sidebar'><button name=""stop-process"">Stop Process</button></div>"
name,"<div class='sidebar'><button name=""cancel-operation"">Cancel Operation</button></div>"
name,"<div class='sidebar'><button name=""abort-operation"">Abort Operation</button></div>"
name,"<div class='sidebar'><button name=""end-process"">End Process</button></div>"
name,"<div class='sidebar'><button name=""stop-operation"">Stop Operation</button></div>"
name,"<div class='sidebar'><button name=""cancel-request"">Cancel Request</button></div>"
name,"<div class='sidebar'><button name=""abort-request"">Abort Request</button></div>"
name,"<div class='sidebar'><button name=""cancel-task"">Cancel Task</button></div>"
name,"<div class='sidebar'><button name=""stop-task"">Stop Task</button></div>"
name,"<div class='sidebar'><button name=""cancel-upload"">Cancel Upload</button></div>"
name,"<div class='sidebar'><button name=""cancel-download"">Cancel Download</button></div>"
name,"<div class='sidebar'><button name=""exit-process"">Exit Process</button></div>"
name,"<div class='sidebar'><button name=""stop-upload"">Stop Upload</button></div>"
name,"<div class='sidebar'><button name=""stop-download"">Stop Download</button></div>"
name,"<div class='sidebar'><button name=""exit-operation"">Exit Operation</button></div>"
name,"<div class='sidebar'><button name=""terminate-process"">Terminate Process</button></div>"
name,"<div class='sidebar'><button name=""terminate-action"">Terminate Action</button></div>"
name,"<div class='sidebar'><button name=""terminate-request"">Terminate Request</button></div>"
name,"<div class='sidebar'><button name=""stop-execution"">Stop Execution</button></div>"
name,"<div class='sidebar'><button name=""cancel-execution"">Cancel Execution</button></div>"
name,"<div class='sidebar'><button name=""exit-task"">Exit Task</button></div>"
name,"<div class='sidebar'><button name=""terminate-task"">Terminate Task</button></div>"
name,"<div class='sidebar'><button name=""close-task"">Close Task</button></div>"
name,"<div class='sidebar'><button name=""close-process"">Close Process</button></div>"
name,"<div class='sidebar'><button name=""close-operation"">Close Operation</button></div>"
name,"<div class='sidebar'><button name=""cancel-transaction"">Cancel Transaction</button></div>"
name,"<div class='sidebar'><button name=""abort-transaction"">Abort Transaction</button></div>"
name,"<div class='sidebar'><button name=""stop-transaction"">Stop Transaction</button></div>"
name,"<div class='sidebar'><button name=""cancel-event"">Cancel Event</button></div>"
name,"<div class='sidebar'><button name=""abort-event"">Abort Event</button></div>"
name,"<div class='sidebar'><button name=""stop-event"">Stop Event</button></div>"
name,"<div class='sidebar'><button name=""end-event"">End Event</button></div>"
name,"<div class='sidebar'><button name=""terminate-event"">Terminate Event</button></div>"
name,"<div class='sidebar'><button name=""close-event"">Close Event</button></div>"
name,"<div class='sidebar'><button name=""exit-event"">Exit Event</button></div>"
name,"<div class='sidebar'><button name=""cancel-submission"">Cancel Submission</button></div>"
name,"<div class='sidebar'><button name=""stop-submission"">Stop Submission</button></div>"
name,"<div class='sidebar'><button name=""abort-submission"">Abort Submission</button></div>"
name,"<div class='sidebar'><button name=""cancel-signup"">Cancel Signup</button></div>"
name,"<div class='sidebar'><button name=""abort-signup"">Abort Signup</button></div>"
name,"<div class='sidebar'><button name=""stop-signup"">Stop Signup</button></div>"
name,"<div class='sidebar'><button name=""terminate-signup"">Terminate Signup</button></div>"
name,"<div class='sidebar'><button name=""exit-signup"">Exit Signup</button></div>"
name,"<button class=""save-btn"" name=""save-data"">Save Data</button>"
name,"<button class=""confirm-btn"" name=""confirm-data"">Confirm Data</button>"
name,"<button class=""send-btn"" name=""send-info"">Send Info</button>"
name,"<button class=""upload-btn"" name=""upload-file"">Upload File</button>"
name,"<button class=""register-btn"" name=""register-user"">Register User</button>"
name,"<button class=""apply-btn"" name=""apply-changes"">Apply Changes</button>"
name,"<button class=""login-btn"" name=""login-user"">Login User</button>"
name,"<button class=""sign-up-btn"" name=""sign-up-user"">Sign Up</button>"
name,"<button class=""reset-btn"" name=""reset-form"">Reset Form</button>"
name,"<button class=""start-btn"" name=""start-process"">Start Process</button>"
name,"<button class=""finish-btn"" name=""finish-task"">Finish Task</button>"
name,"<button class=""delete-btn"" name=""delete-entry"">Delete Entry</button>"
name,"<button class=""close-btn"" name=""close-window"">Close Window</button>"
name,"<button class=""submit-order-btn"" name=""submit-order"">Submit Order</button>"
name,"<button class=""checkout-btn"" name=""checkout-cart"">Checkout</button>"
name,"<button class=""continue-btn"" name=""continue-process"">Continue Process</button>"
name,"<button class=""confirm-payment-btn"" name=""confirm-payment"">Confirm Payment</button>"
name,"<button class=""next-btn"" name=""next-step"">Next Step</button>"
name,"<button class=""back-btn"" name=""previous-step"">Previous Step</button>"
name,"<button class=""update-btn"" name=""update-details"">Update Details</button>"
name,"<button class=""download-btn"" name=""download-file"">Download File</button>"
name,"<button class=""view-btn"" name=""view-details"">View Details</button>"
name,"<button class=""confirm-registration-btn"" name=""confirm-registration"">Confirm Registration</button>"
name,"<button class=""logout-btn"" name=""logout-user"">Logout</button>"
name,"<button class=""add-to-cart-btn"" name=""add-to-cart"">Add to Cart</button>"
name,"<button class=""purchase-btn"" name=""complete-purchase"">Complete Purchase</button>"
name,"<button class=""approve-btn"" name=""approve-application"">Approve Application</button>"
name,"<button class=""disapprove-btn"" name=""disapprove-application"">Disapprove Application</button>"
name,"<button class=""submit-feedback-btn"" name=""submit-feedback"">Submit Feedback</button>"
name,"<button class=""send-message-btn"" name=""send-message"">Send Message</button>"
name,"<button class=""post-comment-btn"" name=""post-comment"">Post Comment</button>"
name,"<button class=""accept-btn"" name=""accept-terms"">Accept Terms</button>"
name,"<button class=""reject-btn"" name=""reject-terms"">Reject Terms</button>"
name,"<button class=""schedule-btn"" name=""schedule-meeting"">Schedule Meeting</button>"
name,"<button class=""cancel-btn"" name=""cancel-request"">Cancel Request</button>"
name,"<button class=""retry-btn"" name=""retry-connection"">Retry Connection</button>"
name,"<button class=""load-more-btn"" name=""load-more-results"">Load More Results</button>"
name,"<button class=""get-quote-btn"" name=""get-quote"">Get Quote</button>"
name,"<button class=""search-btn"" name=""search-data"">Search Data</button>"
name,"<button class=""filter-btn"" name=""apply-filters"">Apply Filters</button>"
name,"<button class=""refresh-btn"" name=""refresh-page"">Refresh Page</button>"
name,"<button class=""edit-btn"" name=""edit-entry"">Edit Entry</button>"
name,"<button class=""save-changes-btn"" name=""save-changes"">Save Changes</button>"
name,"<button class=""reset-password-btn"" name=""reset-password"">Reset Password</button>"
name,"<button class=""verify-btn"" name=""verify-account"">Verify Account</button>"
name,"<button class=""confirm-identity-btn"" name=""confirm-identity"">Confirm Identity</button>"
name,"<button class=""track-btn"" name=""track-package"">Track Package</button>"
name,"<button class=""share-btn"" name=""share-content"">Share Content</button>"
name,"<button class=""bookmark-btn"" name=""bookmark-page"">Bookmark Page</button>"
name,"<button class=""claim-btn"" name=""claim-offer"">Claim Offer</button>"
name,"<button type=""button"" name=""submit-form"" class=""form-button"" aria-label=""Submit Form""><span class=""submit-icon""></span>Submit</button>"
name,"<button type=""button"" name=""send-message"" class=""message-button"" aria-label=""Send Message""><span class=""message-icon""></span>Send</button>"
name,"<button type=""button"" name=""upload-file"" class=""upload-button"" aria-label=""Upload File""><span class=""upload-icon""></span>Upload</button>"
name,"<button type=""button"" name=""save-data"" class=""save-button"" aria-label=""Save Data""><span class=""save-icon""></span>Save</button>"
name,"<button type=""button"" name=""confirm-action"" class=""confirm-button"" aria-label=""Confirm Action""><span class=""confirm-icon""></span>Confirm</button>"
name,"<button type=""button"" name=""cancel-task"" class=""cancel-button"" aria-label=""Cancel Task""><span class=""cancel-icon""></span>Cancel</button>"
name,"<button type=""button"" name=""reset-form"" class=""reset-button"" aria-label=""Reset Form""><span class=""reset-icon""></span>Reset</button>"
name,"<button type=""button"" name=""login-user"" class=""login-button"" aria-label=""Login""><span class=""login-icon""></span>Login</button>"
name,"<button type=""button"" name=""register-account"" class=""register-button"" aria-label=""Register""><span class=""register-icon""></span>Register</button>"
name,"<button type=""button"" name=""send-feedback"" class=""feedback-button"" aria-label=""Send Feedback""><span class=""feedback-icon""></span>Send</button>"
name,"<button type=""button"" name=""start-process"" class=""start-button"" aria-label=""Start Process""><span class=""start-icon""></span>Start</button>"
name,"<button type=""button"" name=""finish-task"" class=""finish-button"" aria-label=""Finish Task""><span class=""finish-icon""></span>Finish</button>"
name,"<button type=""button"" name=""delete-entry"" class=""delete-button"" aria-label=""Delete Entry""><span class=""delete-icon""></span>Delete</button>"
name,"<button type=""button"" name=""confirm-payment"" class=""payment-button"" aria-label=""Confirm Payment""><span class=""payment-icon""></span>Confirm</button>"
name,"<button type=""button"" name=""submit-order"" class=""order-button"" aria-label=""Submit Order""><span class=""order-icon""></span>Submit</button>"
name,"<button type=""button"" name=""checkout"" class=""checkout-button"" aria-label=""Checkout""><span class=""checkout-icon""></span>Checkout</button>"
name,"<button type=""button"" name=""complete-registration"" class=""registration-button"" aria-label=""Complete Registration""><span class=""register-icon""></span>Complete</button>"
name,"<button type=""button"" name=""add-to-cart"" class=""cart-button"" aria-label=""Add to Cart""><span class=""cart-icon""></span>Add</button>"
name,"<button type=""button"" name=""continue"" class=""continue-button"" aria-label=""Continue""><span class=""continue-icon""></span>Continue</button>"
name,"<button type=""button"" name=""apply-changes"" class=""apply-button"" aria-label=""Apply Changes""><span class=""apply-icon""></span>Apply</button>"
name,"<button type=""button"" name=""post-comment"" class=""comment-button"" aria-label=""Post Comment""><span class=""comment-icon""></span>Post</button>"
name,"<button type=""button"" name=""update-info"" class=""update-button"" aria-label=""Update Info""><span class=""update-icon""></span>Update</button>"
name,"<button type=""button"" name=""send-email"" class=""email-button"" aria-label=""Send Email""><span class=""email-icon""></span>Send</button>"
name,"<button type=""button"" name=""download-report"" class=""download-button"" aria-label=""Download Report""><span class=""download-icon""></span>Download</button>"
name,"<button type=""button"" name=""search"" class=""search-button"" aria-label=""Search""><span class=""search-icon""></span>Search</button>"
name,"<button type=""button"" name=""filter-results"" class=""filter-button"" aria-label=""Filter Results""><span class=""filter-icon""></span>Filter</button>"
name,"<button type=""button"" name=""retry-connection"" class=""retry-button"" aria-label=""Retry Connection""><span class=""retry-icon""></span>Retry</button>"
name,"<button type=""button"" name=""close-window"" class=""close-button"" aria-label=""Close Window""><span class=""close-icon""></span>Close</button>"
name,"<button type=""button"" name=""log-out"" class=""logout-button"" aria-label=""Log Out""><span class=""logout-icon""></span>Log Out</button>"
name,"<button type=""button"" name=""send-notification"" class=""notification-button"" aria-label=""Send Notification""><span class=""notification-icon""></span>Send</button>"
name,"<button type=""button"" name=""bookmark-page"" class=""bookmark-button"" aria-label=""Bookmark Page""><span class=""bookmark-icon""></span>Bookmark</button>"
name,"<button type=""button"" name=""share-content"" class=""share-button"" aria-label=""Share Content""><span class=""share-icon""></span>Share</button>"
name,"<button type=""button"" name=""view-details"" class=""view-button"" aria-label=""View Details""><span class=""view-icon""></span>View</button>"
name,"<button type=""button"" name=""refresh-page"" class=""refresh-button"" aria-label=""Refresh Page""><span class=""refresh-icon""></span>Refresh</button>"
name,"<button type=""button"" name=""track-order"" class=""track-button"" aria-label=""Track Order""><span class=""track-icon""></span>Track</button>"
name,"<button type=""button"" name=""reset-password"" class=""password-button"" aria-label=""Reset Password""><span class=""password-icon""></span>Reset</button>"
name,"<button type=""button"" name=""submit-application"" class=""application-button"" aria-label=""Submit Application""><span class=""application-icon""></span>Submit</button>"
name,"<button type=""button"" name=""load-more"" class=""load-more-button"" aria-label=""Load More""><span class=""load-icon""></span>Load More</button>"
name,"<button type=""button"" name=""approve-request"" class=""approve-button"" aria-label=""Approve Request""><span class=""approve-icon""></span>Approve</button>"
name,"<button type=""button"" name=""reject-request"" class=""reject-button"" aria-label=""Reject Request""><span class=""reject-icon""></span>Reject</button>"
name,"<button type=""button"" name=""schedule-meeting"" class=""schedule-button"" aria-label=""Schedule Meeting""><span class=""schedule-icon""></span>Schedule</button>"
name,"<button type=""button"" name=""pause-process"" class=""pause-button"" aria-label=""Pause Process""><span class=""pause-icon""></span>Pause</button>"
name,"<button type=""button"" name=""stop-process"" class=""stop-button"" aria-label=""Stop Process""><span class=""stop-icon""></span>Stop</button>"
name,"<button type=""button"" name=""review-application"" class=""review-button"" aria-label=""Review Application""><span class=""review-icon""></span>Review</button>"
name,"<button type=""button"" name=""start-chat"" class=""chat-button"" aria-label=""Start Chat""><span class=""chat-icon""></span>Start Chat</button>"
name,"<button type=""button"" name=""download-file"" class=""file-download-button"" aria-label=""Download File""><span class=""file-icon""></span>Download</button>"
name,"<button type=""button"" name=""accept-terms"" class=""terms-button"" aria-label=""Accept Terms""><span class=""accept-icon""></span>Accept</button>"
name,"<button type=""button"" name=""decline-terms"" class=""decline-button"" aria-label=""Decline Terms""><span class=""decline-icon""></span>Decline</button>"
name,"<button type=""button"" name=""get-quote"" class=""quote-button"" aria-label=""Get Quote""><span class=""quote-icon""></span>Get Quote</button>"
name,"<button type=""button"" name=""claim-offer"" class=""claim-button"" aria-label=""Claim Offer""><span class=""claim-icon""></span>Claim</button>"